12:46:49,-81,-63.92857143,1
12:46:49,-79,-63.92857143,2
12:46:49,-76,-63.92857143,3
12:46:49,-78,-64.07142857,4
12:46:49,-73,-64.07142857,5
12:46:49,-60,-64.14285714,6
12:46:49,-46,-63.71428571,7
12:46:49,-33,-64.28571429,8
12:46:49,-67,-64.28571429,9
12:46:49,-81,-64.57142857,10
12:46:49,-51,-64.57142857,11
12:46:49,-58,-64.85714286,12
12:46:49,-64,-65,13
12:46:49,-48,-64.57142857,14
12:46:54,-81,-64.78571429,15
12:46:54,-79,-64.78571429,16
12:46:54,-78,-64.92857143,17
12:46:54,-78,-65,18
12:46:54,-74,-65,19
12:46:54,-54,-64.85714286,20
12:46:54,-54,-65.21428571,21
12:46:54,-33,-65.57142857,22
12:46:54,-71,-65.57142857,23
12:46:54,-81,-65.35714286,24
12:46:54,-55,-65.35714286,25
12:46:54,-60,-65.35714286,26
12:46:54,-58,-65.35714286,27
12:46:54,-51,-65.35714286,28
12:46:59,-81,-65.28571429,29
12:46:59,-81,-61.85714286,30
12:46:59,-79,-61.85714286,31
12:46:59,-78,-62,32
12:46:59,-72,-61.71428571,33
12:46:59,-59,-62.14285714,34
12:46:59,-59,-63.28571429,35
12:46:59,-33,-63,36
12:46:59,-68,-64.57142857,37
12:46:59,-81,-64.71428571,38
12:46:59,-55,-64.71428571,39
12:46:59,-60,-65.42857143,40
12:46:59,-58,-65.57142857,41
12:46:59,-50,-65.57142857,42
12:47:04,-33,-65.64285714,43
12:47:04,-81,-69.21428571,44
12:47:04,-81,-69.21428571,45
12:47:04,-74,-69.14285714,46
12:47:04,-78,-69.64285714,47
12:47:04,-75,-70,48
12:47:04,-55,-70.5,49
12:47:04,-55,-71.57142857,50
12:47:04,-70,-71.78571429,51
12:47:04,-81,-70.85714286,52
12:47:04,-65,-67.35714286,53
12:47:04,-62,-67.85714286,54
12:47:04,-58,-69.14285714,55
12:47:04,-51,-68.71428571,56
12:47:09,-83,-69.35714286,57
12:47:09,-81,-68.14285714,58
12:47:09,-80,-65.85714286,59
12:47:09,-81,-66.07142857,60
12:47:09,-83,-66.07142857,61
12:47:09,-82,-65.85714286,62
12:47:09,-70,-65.5,63
12:47:09,-58,-66.42857143,64
12:47:09,-57,-68.14285714,65
12:47:09,-32,-69.5,66
12:47:09,-72,-71,67
12:47:09,-80,-70.14285714,68
12:47:09,-52,-66.71428571,69
12:47:09,-60,-68.07142857,70
12:47:09,-66,-69.5,71
12:47:09,-49,-68.92857143,72
12:47:14,-83,-70.42857143,73
12:47:14,-81,-68.42857143,74
12:47:14,-80,-66.35714286,75
12:47:14,-77,-66.57142857,76
12:47:14,-83,-66.92857143,77
12:47:14,-82,-66.71428571,78
12:47:14,-76,-66.14285714,79
12:47:14,-53,-66.64285714,80
12:47:14,-60,-68.71428571,81
12:47:14,-32,-69.57142857,82
12:47:14,-71,-71.28571429,83
12:47:14,-80,-69.42857143,84
12:47:14,-58,-66,85
12:47:14,-70,-66.78571429,86
12:47:14,-55,-67.57142857,87
12:47:14,-52,-67.35714286,88
12:47:19,-83,-67.92857143,89
12:47:19,-82,-66.78571429,90
12:47:19,-80,-64.57142857,91
12:47:19,-74,-64.78571429,92
12:47:19,-83,-65.35714286,93
12:47:19,-82,-65.14285714,94
12:47:19,-72,-65.07142857,95
12:47:19,-56,-65.85714286,96
12:47:19,-45,-67.71428571,97
12:47:19,-32,-70,98
12:47:19,-69,-71.57142857,99
12:47:19,-81,-70.35714286,100
12:47:19,-52,-66.85714286,101
12:47:19,-60,-68.28571429,102
12:47:19,-67,-69.92857143,103
12:47:19,-51,-68.85714286,104
12:47:24,-83,-69.92857143,105
12:47:24,-82,-68.21428571,106
12:47:24,-80,-66.07142857,107
12:47:24,-81,-66.28571429,108
12:47:24,-83,-66.28571429,109
12:47:24,-82,-66.07142857,110
12:47:24,-77,-65.85714286,111
12:47:24,-54,-66.28571429,112
12:47:24,-52,-68.28571429,113
12:47:24,-32,-69.71428571,114
12:47:24,-72,-71.42857143,115
12:47:24,-83,-69.78571429,116
12:47:24,-52,-66.21428571,117
12:47:24,-66,-67.28571429,118
12:47:24,-59,-68.28571429,119
12:47:24,-52,-67.78571429,120
12:47:30,-83,-68.78571429,121
12:47:30,-81,-67.35714286,122
12:47:30,-80,-65.21428571,123
12:47:30,-79,-65.42857143,124
12:47:30,-83,-65.57142857,125
12:47:30,-82,-65.35714286,126
12:47:30,-72,-65.21428571,127
12:47:30,-56,-66,128
12:47:30,-49,-67.85714286,129
12:47:30,-33,-69.78571429,130
12:47:30,-67,-71.21428571,131
12:47:30,-80,-70.14285714,132
12:47:30,-52,-66.71428571,133
12:47:30,-66,-68.07142857,134
12:47:30,-63,-69.14285714,135
12:47:30,-51,-68.21428571,136
12:47:35,-83,-69.28571429,137
12:47:35,-81,-67.28571429,138
12:47:35,-80,-65.21428571,139
12:47:35,-80,-65.42857143,140
12:47:35,-83,-65.5,141
12:47:35,-82,-65.28571429,142
12:47:35,-76,-65,143
12:47:35,-53,-65.5,144
12:47:35,-52,-67.57142857,145
12:47:35,-32,-69,146
12:47:35,-71,-70.57142857,147
12:47:35,-81,-69.64285714,148
12:47:35,-50,-66.21428571,149
12:47:35,-66,-67.5,150
12:47:35,-55,-68.57142857,151
12:47:35,-52,-69.14285714,152
12:47:40,-83,-70.14285714,153
12:47:40,-81,-68.14285714,154
12:47:40,-80,-66.14285714,155
12:47:40,-78,-66.35714286,156
12:47:40,-83,-66.57142857,157
12:47:40,-82,-66.35714286,158
12:47:40,-72,-66.07142857,159
12:47:40,-54,-66.85714286,160
12:47:40,-58,-68.85714286,161
12:47:40,-33,-70.14285714,162
12:47:40,-68,-71.5,163
12:47:40,-81,-70.92857143,164
12:47:40,-63,-67.42857143,165
12:47:40,-66,-68,166
12:47:40,-55,-69.07142857,167
12:47:40,-53,-69.21428571,168
12:47:45,-83,-70.28571429,169
12:47:45,-81,-68.28571429,170
12:47:45,-80,-66.42857143,171
12:47:45,-78,-66.64285714,172
12:47:45,-83,-66.85714286,173
12:47:45,-82,-66.64285714,174
12:47:45,-76,-66.28571429,175
12:47:45,-52,-66.78571429,176
12:47:45,-60,-68.92857143,177
12:47:45,-32,-69.78571429,178
12:47:45,-71,-71.42857143,179
12:47:45,-81,-70.28571429,180
12:47:45,-57,-66.85714286,181
12:47:45,-68,-67.78571429,182
12:47:45,-55,-68.71428571,183
12:47:45,-55,-69.14285714,184
12:47:50,-83,-69.85714286,185
12:47:50,-81,-67.85714286,186
12:47:50,-80,-65.71428571,187
12:47:50,-77,-65.92857143,188
12:47:50,-83,-66.21428571,189
12:47:50,-82,-66,190
12:47:50,-72,-65.78571429,191
12:47:50,-55,-66.57142857,192
12:47:50,-55,-68.5,193
12:47:50,-33,-70,194
12:47:50,-70,-71.5,195
12:47:50,-81,-70.5,196
12:47:50,-61,-67.07142857,197
12:47:50,-65,-67.78571429,198
12:47:50,-55,-68.92857143,199
12:47:50,-51,-68.92857143,200
12:47:55,-83,-70.35714286,201
12:47:55,-81,-68.5,202
12:47:55,-80,-66.57142857,203
12:47:55,-79,-66.78571429,204
12:47:55,-83,-67,205
12:47:55,-82,-66.78571429,206
12:47:55,-76,-66.57142857,207
12:47:55,-54,-67.07142857,208
12:47:55,-56,-69.07142857,209
12:47:55,-33,-70.21428571,210
12:47:55,-71,-71.85714286,211
12:47:55,-81,-70.5,212
12:47:55,-55,-67.21428571,213
12:47:55,-71,-68.14285714,214
12:47:55,-57,-68.92857143,215
12:47:55,-54,-69.14285714,216
12:48:00,-83,-69.78571429,217
12:48:00,-82,-68.35714286,218
12:48:00,-80,-66.57142857,219
12:48:00,-79,-66.78571429,220
12:48:00,-83,-67,221
12:48:00,-82,-66.78571429,222
12:48:00,-72,-66.28571429,223
12:48:00,-56,-67.07142857,224
12:48:00,-52,-68.92857143,225
12:48:00,-35,-70.57142857,226
12:48:00,-68,-71.85714286,227
12:48:00,-82,-70.78571429,228
12:48:00,-60,-67.35714286,229
12:48:00,-63,-68.14285714,230
12:48:00,-63,-69.5,231
12:48:00,-57,-69.14285714,232
12:48:05,-83,-69.78571429,233
12:48:05,-82,-68,234
12:48:05,-80,-65.85714286,235
12:48:05,-75,-66.07142857,236
12:48:05,-83,-66.57142857,237
12:48:05,-82,-66.35714286,238
12:48:05,-75,-66.21428571,239
12:48:05,-53,-66.78571429,240
12:48:05,-53,-68.85714286,241
12:48:05,-34,-70.14285714,242
12:48:05,-71,-71.64285714,243
12:48:05,-82,-70.35714286,244
12:48:05,-58,-66.92857143,245
12:48:05,-66,-67.64285714,246
12:48:05,-58,-68.78571429,247
12:48:05,-52,-69.14285714,248
12:48:10,-83,-70.07142857,249
12:48:10,-82,-68.71428571,250
12:48:10,-80,-66.35714286,251
12:48:10,-80,-66.57142857,252
12:48:10,-83,-66.71428571,253
12:48:10,-82,-66.5,254
12:48:10,-71,-66.28571429,255
12:48:10,-55,-67.14285714,256
12:48:10,-53,-69.07142857,257
12:48:10,-34,-70.71428571,258
12:48:10,-68,-72.07142857,259
12:48:10,-82,-71,260
12:48:10,-63,-67.57142857,261
12:48:10,-65,-68.35714286,262
12:48:10,-64,-69.57142857,263
12:48:10,-49,-69.21428571,264
12:48:15,-83,-70.35714286,265
12:48:15,-82,-69,266
12:48:15,-80,-66.85714286,267
12:48:15,-79,-67.07142857,268
12:48:15,-83,-67.28571429,269
12:48:15,-82,-67.14285714,270
12:48:15,-76,-66.92857143,271
12:48:15,-53,-67.42857143,272
12:48:15,-53,-69.5,273
12:48:15,-34,-70.71428571,274
12:48:15,-74,-72.35714286,275
12:48:15,-82,-71.07142857,276
12:48:15,-59,-67.57142857,277
12:48:15,-65,-68.28571429,278
12:48:15,-64,-69.28571429,279
12:48:15,-52,-69,280
12:48:20,-83,-69.92857143,281
12:48:20,-82,-68.42857143,282
12:48:20,-81,-66.14285714,283
12:48:20,-79,-66.28571429,284
12:48:20,-83,-66.5,285
12:48:20,-82,-66.35714286,286
12:48:20,-70,-65.78571429,287
12:48:20,-57,-66.71428571,288
12:48:20,-56,-68.5,289
12:48:20,-33,-70.14285714,290
12:48:20,-69,-71.5,291
12:48:20,-79,-70.42857143,292
12:48:20,-60,-67.21428571,293
12:48:20,-65,-67.92857143,294
12:48:20,-62,-68.92857143,295
12:48:20,-50,-68.78571429,296
12:48:25,-83,-69.85714286,297
12:48:25,-82,-68.28571429,298
12:48:25,-81,-66.14285714,299
12:48:25,-74,-66.28571429,300
12:48:25,-83,-66.85714286,301
12:48:25,-82,-66.71428571,302
12:48:25,-79,-66.42857143,303
12:48:25,-52,-66.71428571,304
12:48:25,-54,-68.85714286,305
12:48:25,-34,-70.07142857,306
12:48:25,-70,-71.57142857,307
12:48:25,-79,-70.35714286,308
12:48:25,-60,-67.07142857,309
12:48:25,-65,-67.57142857,310
12:48:25,-61,-68.5,311
12:48:25,-52,-68.42857143,312
12:48:30,-83,-69.28571429,313
12:48:30,-82,-67.71428571,314
12:48:30,-81,-65.5,315
12:48:30,-78,-62.14285714,316
12:48:30,-83,-62.5,317
12:48:30,-82,-62.42857143,318
12:48:30,-71,-62.35714286,319
12:48:30,-55,-62.85714286,320
12:48:30,-53,-64.85714286,321
12:48:30,-33,-66.92857143,322
12:48:30,-67,-70,323
12:48:30,-78,-68.85714286,324
12:48:30,-60,-67.57142857,325
12:48:30,-64,-68.35714286,326
12:48:30,-61,-69.35714286,327
12:48:30,-51,-69.21428571,328
12:48:35,-34,-70.14285714,329
12:48:35,-83,-71.85714286,330
12:48:35,-82,-69.57142857,331
12:48:35,-81,-69.64285714,332
12:48:35,-78,-69.71428571,333
12:48:35,-83,-69.92857143,334
12:48:35,-82,-69.21428571,335
12:48:35,-76,-69.28571429,336
12:48:35,-51,-69.71428571,337
12:48:35,-60,-71.21428571,338
12:48:35,-71,-70.92857143,339
12:48:35,-78,-69.64285714,340
12:48:35,-59,-66.42857143,341
12:48:35,-64,-67.07142857,342
12:48:35,-58,-68,343
12:48:35,-51,-67.85714286,344
12:48:40,-83,-68.78571429,345
12:48:40,-82,-67,346
12:48:40,-81,-64.64285714,347
12:48:40,-73,-64.78571429,348
12:48:40,-83,-65.42857143,349
12:48:40,-82,-65.28571429,350
12:48:40,-72,-65,351
12:48:40,-56,-65.78571429,352
12:48:40,-53,-67.64285714,353
12:48:40,-33,-69.35714286,354
12:48:40,-68,-70.71428571,355
12:48:40,-77,-70.07142857,356
12:48:40,-56,-66.92857143,357
12:48:40,-64,-67.92857143,358
12:48:40,-58,-69,359
12:48:40,-49,-69.21428571,360
12:48:45,-83,-70.92857143,361
12:48:45,-82,-69,362
12:48:45,-81,-66.71428571,363
12:48:45,-78,-66.85714286,364
12:48:45,-83,-67.14285714,365
12:48:45,-82,-67,366
12:48:45,-77,-66.57142857,367
12:48:45,-52,-67,368
12:48:45,-59,-69.14285714,369
12:48:45,-33,-70.21428571,370
12:48:45,-70,-71.71428571,371
12:48:45,-79,-70.64285714,372
12:48:45,-61,-67.35714286,373
12:48:45,-73,-68.21428571,374
12:48:45,-56,-68.5,375
12:48:45,-50,-68.78571429,376
12:48:50,-83,-69.64285714,377
12:48:50,-82,-67.71428571,378
12:48:50,-81,-65.28571429,379
12:48:50,-76,-65.42857143,380
12:48:50,-83,-65.85714286,381
12:48:50,-82,-65.71428571,382
12:48:50,-74,-65.21428571,383
12:48:50,-54,-65.85714286,384
12:48:50,-55,-67.85714286,385
12:48:50,-33,-69.42857143,386
12:48:50,-73,-70.71428571,387
12:48:50,-77,-69.14285714,388
12:48:50,-60,-66,389
12:48:51,-62,-67.07142857,390
12:48:51,-56,-68.14285714,391
12:48:51,-48,-67.85714286,392
12:48:56,-83,-69.21428571,393
12:48:56,-82,-67.42857143,394
12:48:56,-81,-65.28571429,395
12:48:56,-75,-65.42857143,396
12:48:56,-83,-65.92857143,397
12:48:56,-82,-65.92857143,398
12:48:56,-77,-65.57142857,399
12:48:56,-51,-66,400
12:48:56,-51,-68.21428571,401
12:48:56,-33,-69.71428571,402
12:48:56,-75,-71.28571429,403
12:48:56,-77,-69.21428571,404
12:48:56,-52,-66.14285714,405
12:48:56,-67,-67.42857143,406
12:48:56,-58,-68.14285714,407
12:48:56,-52,-67.85714286,408
12:49:01,-83,-68.78571429,409
12:49:01,-82,-67,410
12:49:01,-83,-64.57142857,411
12:49:01,-77,-64.5,412
12:49:01,-83,-64.92857143,413
12:49:01,-82,-64.28571429,414
12:49:01,-72,-64.35714286,415
12:49:01,-55,-64.78571429,416
12:49:01,-46,-64.57142857,417
12:49:01,-34,-64.85714286,418
12:49:01,-70,-64.85714286,419
12:49:01,-77,-65.71428571,420
12:49:01,-54,-65.92857143,421
12:49:01,-65,-65.71428571,422
12:49:01,-58,-65.71428571,423
12:49:01,-48,-65.57142857,424
12:49:06,-82,-65.78571429,425
12:49:06,-83,-65.78571429,426
12:49:06,-74,-65.78571429,427
12:49:06,-83,-66.07142857,428
12:49:06,-78,-66.07142857,429
12:49:06,-52,-66.07142857,430
12:49:06,-50,-66.21428571,431
12:49:06,-34,-66.14285714,432
12:49:06,-82,-66.07142857,433
12:49:06,-80,-65.35714286,434
12:49:06,-51,-65.07142857,435
12:49:06,-65,-65.14285714,436
12:49:06,-56,-65.21428571,437
12:49:06,-51,-65.57142857,438
12:49:11,-82,-65.35714286,439
12:49:11,-83,-65.35714286,440
12:49:11,-78,-65.35714286,441
12:49:11,-83,-65.21428571,442
12:49:11,-78,-65.21428571,443
12:49:11,-54,-65.21428571,444
12:49:11,-49,-65.14285714,445
12:49:11,-33,-65.28571429,446
12:49:11,-72,-65.28571429,447
12:49:11,-76,-65.78571429,448
12:49:11,-52,-65.92857143,449
12:49:11,-66,-66.07142857,450
12:49:11,-61,-66.21428571,451
12:49:11,-48,-65.85714286,452
12:49:16,-82,-66.07142857,453
12:49:16,-83,-66.07142857,454
12:49:16,-76,-66.07142857,455
12:49:16,-83,-66.07142857,456
12:49:16,-78,-66.07142857,457
12:49:16,-53,-65.78571429,458
12:49:16,-51,-66,459
12:49:16,-33,-66,460
12:49:16,-79,-66,461
12:49:16,-78,-65.57142857,462
12:49:16,-54,-65.42857143,463
12:49:16,-68,-65.64285714,464
12:49:16,-56,-65.64285714,465
12:49:16,-51,-65.64285714,466
12:49:21,-82,-65.35714286,467
12:49:21,-83,-65.35714286,468
12:49:21,-76,-65.35714286,469
12:49:21,-83,-65.42857143,470
12:49:21,-74,-65.42857143,471
12:49:21,-56,-65.71428571,472
12:49:21,-51,-65.5,473
12:49:21,-33,-65.64285714,474
12:49:21,-73,-65.64285714,475
12:49:21,-76,-65.71428571,476
12:49:21,-57,-66.07142857,477
12:49:21,-68,-65.85714286,478
12:49:21,-56,-66,479
12:49:21,-47,-66,480
12:49:26,-82,-66.14285714,481
12:49:26,-83,-66,482
12:49:26,-77,-66,483
12:49:26,-83,-66.07142857,484
12:49:26,-78,-66.07142857,485
12:49:26,-53,-65.64285714,486
12:49:26,-53,-65.78571429,487
12:49:26,-33,-65.42857143,488
12:49:26,-74,-65.42857143,489
12:49:26,-81,-65.21428571,490
12:49:26,-54,-64.85714286,491
12:49:26,-70,-64.85714286,492
12:49:26,-56,-64.85714286,493
12:49:26,-49,-64.85714286,494
12:49:31,-80,-64.5,495
12:49:31,-83,-64.5,496
12:49:31,-78,-64.5,497
12:49:31,-83,-64.42857143,498
12:49:31,-72,-64.42857143,499
12:49:31,-55,-64.85714286,500
12:49:31,-48,-64.64285714,501
12:49:31,-33,-65.07142857,502
12:49:31,-71,-65.07142857,503
12:49:31,-76,-65.42857143,504
12:49:31,-54,-65.71428571,505
12:49:31,-70,-65.5,506
12:49:31,-56,-65.5,507
12:49:31,-44,-65.57142857,508
12:49:36,-80,-65.85714286,509
12:49:36,-83,-66.07142857,510
12:49:36,-77,-66.07142857,511
12:49:36,-83,-66.21428571,512
12:49:36,-78,-66.21428571,513
12:49:36,-52,-65.85714286,514
12:49:36,-54,-66.28571429,515
12:49:36,-33,-66.28571429,516
12:49:36,-76,-66.28571429,517
12:49:36,-80,-66,518
12:49:36,-51,-65.64285714,519
12:49:36,-70,-66.35714286,520
12:49:36,-57,-66.35714286,521
12:49:36,-48,-66.35714286,522
12:49:41,-83,-66,523
12:49:41,-83,-66,524
12:49:41,-79,-66,525
12:49:41,-83,-65.85714286,526
12:49:41,-73,-65.85714286,527
12:49:41,-58,-66.21428571,528
12:49:41,-54,-65.85714286,529
12:49:41,-33,-66,530
12:49:41,-72,-66,531
12:49:41,-75,-66.28571429,532
12:49:41,-61,-66.28571429,533
12:49:41,-70,-66.5,534
12:49:41,-57,-66.5,535
12:49:41,-43,-66.42857143,536
12:49:46,-83,-66.85714286,537
12:49:46,-83,-66.85714286,538
12:49:46,-77,-66.85714286,539
12:49:46,-83,-66.85714286,540
12:49:46,-78,-66.85714286,541
12:49:46,-53,-66.42857143,542
12:49:46,-56,-66.57142857,543
12:49:46,-33,-65.92857143,544
12:49:46,-76,-65.92857143,545
12:49:46,-75,-65.35714286,546
12:49:46,-64,-65.35714286,547
12:49:46,-70,-64.78571429,548
12:49:46,-56,-64.07142857,549
12:49:46,-49,-64.07142857,550
12:49:51,-83,-63.57142857,551
12:49:51,-83,-63.57142857,552
12:49:51,-77,-63.57142857,553
12:49:51,-83,-63.42857143,554
12:49:51,-72,-63.42857143,555
12:49:51,-55,-63.85714286,556
12:49:51,-47,-63.71428571,557
12:49:51,-33,-64.42857143,558
12:49:51,-68,-64.42857143,559
12:49:51,-75,-64.71428571,560
12:49:51,-56,-65.14285714,561
12:49:51,-60,-65.21428571,562
12:49:51,-56,-66,563
12:49:51,-42,-66,564
12:49:56,-83,-66.28571429,565
12:49:56,-83,-66.14285714,566
12:49:56,-75,-66.14285714,567
12:49:56,-83,-66,568
12:49:56,-78,-65.85714286,569
12:49:56,-53,-65.42857143,570
12:49:56,-57,-65.57142857,571
12:49:56,-33,-64.85714286,572
12:49:56,-72,-65,573
12:49:56,-81,-64.78571429,574
12:49:56,-57,-64.78571429,575
12:49:56,-71,-64.35714286,576
12:49:56,-56,-64.35714286,577
12:49:56,-46,-64.85714286,578
12:50:01,-81,-64.5,579
12:50:01,-83,-64.5,580
12:50:01,-73,-64.5,581
12:50:01,-81,-64.5,582
12:50:01,-72,-64.5,583
12:50:01,-55,-64.92857143,584
12:50:01,-47,-64.64285714,585
12:50:01,-35,-64.92857143,586
12:50:01,-69,-64.85714286,587
12:50:01,-81,-64.92857143,588
12:50:01,-51,-64.64285714,589
12:50:01,-71,-65.14285714,590
12:50:01,-63,-65.14285714,591
12:50:01,-41,-64.64285714,592
12:50:06,-81,-65.14285714,593
12:50:06,-83,-65.14285714,594
12:50:06,-73,-65.14285714,595
12:50:06,-81,-65.28571429,596
12:50:06,-78,-65,597
12:50:06,-51,-64.71428571,598
12:50:06,-51,-65.14285714,599
12:50:06,-34,-65.35714286,600
12:50:06,-70,-65.35714286,601
12:50:06,-77,-65.21428571,602
12:50:06,-58,-64.92857143,603
12:50:06,-71,-64.85714286,604
12:50:06,-56,-64.14285714,605
12:50:06,-48,-64.5,606
12:50:11,-81,-64,607
12:50:11,-83,-64,608
12:50:11,-75,-64,609
12:50:11,-77,-64.14285714,610
12:50:11,-74,-64.14285714,611
12:50:11,-57,-64.35714286,612
12:50:11,-54,-64,613
12:50:11,-34,-63.92857143,614
12:50:11,-68,-64,615
12:50:11,-73,-64.21428571,616
12:50:11,-57,-64.5,617
12:50:11,-61,-64.5,618
12:50:11,-61,-64.5,619
12:50:11,-41,-64.5,620
12:50:16,-81,-65,621
12:50:16,-83,-65,622
12:50:16,-77,-65,623
12:50:16,-77,-64.92857143,624
12:50:16,-77,-65.07142857,625
12:50:16,-52,-64.78571429,626
12:50:16,-53,-65,627
12:50:16,-35,-65.07142857,628
12:50:16,-71,-65.07142857,629
12:50:16,-77,-64.85714286,630
12:50:16,-57,-64.57142857,631
12:50:16,-61,-64.5,632
12:50:16,-61,-64.5,633
12:50:16,-48,-64.64285714,634
12:50:21,-81,-64,635
12:50:21,-83,-64,636
12:50:21,-76,-64,637
12:50:21,-79,-63.92857143,638
12:50:21,-73,-63.92857143,639
12:50:21,-55,-64.07142857,640
12:50:22,-54,-63.85714286,641
12:50:22,-35,-63.71428571,642
12:50:22,-68,-63.5,643
12:50:22,-73,-63.64285714,644
12:50:22,-56,-64,645
12:50:22,-61,-64.07142857,646
12:50:22,-63,-64.07142857,647
12:50:22,-39,-64.07142857,648
12:50:27,-81,-64.5,649
12:50:27,-83,-64.5,650
12:50:27,-75,-64.5,651
12:50:27,-79,-64.64285714,652
12:50:27,-75,-64.64285714,653
12:50:27,-52,-64.35714286,654
12:50:27,-52,-64.64285714,655
12:50:27,-32,-64.85714286,656
12:50:27,-70,-64.92857143,657
12:50:27,-78,-64.85714286,658
12:50:27,-57,-64.64285714,659
12:50:27,-61,-64.78571429,660
12:50:27,-63,-64.78571429,661
12:50:27,-45,-64.78571429,662
12:50:32,-81,-64.21428571,663
12:50:32,-83,-64.21428571,664
12:50:32,-77,-64.21428571,665
12:50:32,-79,-64.14285714,666
12:50:32,-71,-64.14285714,667
12:50:32,-56,-64.71428571,668
12:50:32,-55,-64.5,669
12:50:32,-33,-64.42857143,670
12:50:32,-69,-64.42857143,671
12:50:32,-75,-64.57142857,672
12:50:32,-59,-64.5,673
12:50:32,-61,-64,674
12:50:32,-63,-64.71428571,675
12:50:32,-37,-64.21428571,676
12:50:37,-81,-64.71428571,677
12:50:37,-83,-61.28571429,678
12:50:37,-76,-61.14285714,679
12:50:37,-79,-61.64285714,680
12:50:37,-79,-61.42857143,681
12:50:37,-53,-61.42857143,682
12:50:37,-54,-62.71428571,683
12:50:37,-33,-62.78571429,684
12:50:37,-71,-63.85714286,685
12:50:37,-74,-63.64285714,686
12:50:37,-52,-63.71428571,687
12:50:37,-71,-63.5,688
12:50:37,-56,-62.78571429,689
12:50:37,-44,-63.21428571,690
12:50:42,-33,-62.71428571,691
12:50:42,-81,-66.14285714,692
12:50:42,-83,-66.28571429,693
12:50:42,-76,-66,694
12:50:42,-79,-66.35714286,695
12:50:42,-71,-66.28571429,696
12:50:42,-55,-64.85714286,697
12:50:42,-48,-64.42857143,698
12:50:42,-68,-63.35714286,699
12:50:42,-75,-63.57142857,700
12:50:42,-49,-63.57142857,701
12:50:42,-61,-63.64285714,702
12:50:42,-62,-63.64285714,703
12:50:42,-37,-63.28571429,704
12:50:47,-81,-64,705
12:50:47,-83,-64,706
12:50:47,-79,-63.92857143,707
12:50:47,-81,-63.5,708
12:50:47,-78,-63.5,709
12:50:47,-51,-63.5,710
12:50:47,-49,-63.78571429,711
12:50:47,-33,-63.78571429,712
12:50:47,-71,-63.78571429,713
12:50:47,-75,-63.57142857,714
12:50:47,-50,-63.5,715
12:50:47,-61,-63.5,716
12:50:47,-57,-63.14285714,717
12:50:47,-47,-63.5,718
12:50:52,-81,-62.85714286,719
12:50:52,-82,-62.85714286,720
12:50:52,-73,-62.85714286,721
12:50:52,-81,-63.14285714,722
12:50:52,-78,-63.14285714,723
12:50:52,-55,-63.14285714,724
12:50:52,-49,-63,725
12:50:52,-33,-63.07142857,726
12:50:52,-68,-63.07142857,727
12:50:52,-74,-63.21428571,728
12:50:52,-50,-63.42857143,729
12:50:52,-56,-63.92857143,730
12:50:52,-62,-64.92857143,731
12:50:52,-38,-64.57142857,732
12:50:57,-81,-65.14285714,733
12:50:57,-82,-65.14285714,734
12:50:57,-77,-65.14285714,735
12:50:57,-81,-65,736
12:50:57,-78,-65,737
12:50:57,-53,-64.57142857,738
12:50:57,-50,-64.71428571,739
12:50:57,-33,-64.64285714,740
12:50:57,-70,-64.64285714,741
12:50:57,-77,-64.42857143,742
12:50:57,-57,-64.21428571,743
12:50:57,-70,-63.64285714,744
12:50:57,-57,-63.64285714,745
12:50:57,-46,-63.64285714,746
12:51:02,-81,-63.07142857,747
12:51:02,-82,-63.07142857,748
12:51:02,-75,-63.07142857,749
12:51:02,-81,-63.35714286,750
12:51:02,-72,-63.35714286,751
12:51:02,-55,-63.78571429,752
12:51:02,-49,-63.71428571,753
12:51:02,-33,-63.64285714,754
12:51:02,-67,-63.71428571,755
12:51:02,-74,-63.92857143,756
12:51:02,-49,-64.21428571,757
12:51:02,-70,-64.71428571,758
12:51:02,-57,-64.64285714,759
12:51:02,-38,-64.57142857,760
12:51:07,-81,-65.07142857,761
12:51:07,-82,-65.14285714,762
12:51:07,-79,-65.14285714,763
12:51:07,-81,-64.85714286,764
12:51:07,-78,-64.85714286,765
12:51:07,-54,-64.42857143,766
12:51:07,-48,-64.42857143,767
12:51:07,-34,-64.42857143,768
12:51:07,-70,-64.35714286,769
12:51:07,-78,-64.14285714,770
12:51:07,-56,-63.92857143,771
12:51:07,-69,-63.5,772
12:51:07,-56,-62.5,773
12:51:07,-45,-62.5,774
12:51:12,-82,-62,775
12:51:12,-82,-62,776
12:51:12,-75,-62,777
12:51:12,-81,-62.21428571,778
12:51:12,-72,-62.21428571,779
12:51:12,-54,-62.71428571,780
12:51:12,-48,-62.64285714,781
12:51:12,-33,-62.85714286,782
12:51:12,-67,-62.85714286,783
12:51:12,-75,-63.07142857,784
12:51:12,-50,-63.5,785
12:51:12,-55,-63.57142857,786
12:51:12,-56,-64.64285714,787
12:51:12,-38,-64.71428571,788
12:51:17,-82,-65.35714286,789
12:51:17,-82,-65.21428571,790
12:51:17,-78,-65.21428571,791
12:51:17,-81,-65.07142857,792
12:51:17,-79,-65.07142857,793
12:51:17,-53,-64.57142857,794
12:51:17,-51,-64.71428571,795
12:51:17,-33,-64.57142857,796
12:51:17,-70,-64.64285714,797
12:51:17,-81,-64.42857143,798
12:51:17,-51,-64,799
12:51:17,-70,-64.21428571,800
12:51:17,-57,-63,801
12:51:17,-47,-63.35714286,802
12:51:22,-80,-62.78571429,803
12:51:22,-82,-62.78571429,804
12:51:22,-76,-62.78571429,805
12:51:22,-81,-62.85714286,806
12:51:22,-72,-62.85714286,807
12:51:22,-55,-63.5,808
12:51:22,-49,-63.35714286,809
12:51:22,-34,-63.5,810
12:51:22,-67,-63.42857143,811
12:51:22,-75,-63.64285714,812
12:51:22,-54,-63.64285714,813
12:51:22,-53,-63.5,814
12:51:22,-62,-63.5,815
12:51:22,-39,-63.14285714,816
12:51:27,-80,-63.64285714,817
12:51:27,-82,-63.71428571,818
12:51:27,-77,-63.71428571,819
12:51:27,-81,-63.71428571,820
12:51:27,-81,-63.71428571,821
12:51:27,-53,-63.14285714,822
12:51:27,-51,-63.35714286,823
12:51:27,-33,-63.14285714,824
12:51:27,-70,-63.14285714,825
12:51:27,-75,-62.92857143,826
12:51:27,-52,-62.92857143,827
12:51:27,-53,-63.07142857,828
12:51:27,-57,-63.07142857,829
12:51:27,-46,-63.07142857,830
12:51:32,-81,-62.64285714,831
12:51:32,-82,-62.92857143,832
12:51:32,-77,-62.92857143,833
12:51:32,-81,-62.85714286,834
12:51:32,-73,-62.85714286,835
12:51:32,-56,-63.14285714,836
12:51:32,-48,-63,837
12:51:32,-33,-63.14285714,838
12:51:32,-67,-63.21428571,839
12:51:32,-75,-63.5,840
12:51:32,-54,-63.85714286,841
12:51:32,-53,-63.92857143,842
12:51:32,-57,-63.92857143,843
12:51:32,-40,-63.92857143,844
12:51:37,-85,-64.28571429,845
12:51:37,-82,-63.92857143,846
12:51:37,-76,-63.92857143,847
12:51:37,-81,-64,848
12:51:37,-77,-64,849
12:51:37,-54,-63.85714286,850
12:51:37,-50,-64,851
12:51:37,-34,-63.92857143,852
12:51:37,-71,-63.85714286,853
12:51:37,-80,-64,854
12:51:37,-55,-63.64285714,855
12:51:37,-53,-63.35714286,856
12:51:37,-57,-63.71428571,857
12:51:37,-45,-64.07142857,858
12:51:42,-80,-63.78571429,859
12:51:42,-82,-63.78571429,860
12:51:42,-77,-63.78571429,861
12:51:42,-81,-63.85714286,862
12:51:42,-75,-63.85714286,863
12:51:42,-56,-64.07142857,864
12:51:42,-49,-63.85714286,865
12:51:42,-33,-64.07142857,866
12:51:42,-73,-64.07142857,867
12:51:42,-75,-63.78571429,868
12:51:42,-51,-64.28571429,869
12:51:42,-58,-64.57142857,870
12:51:42,-62,-65.07142857,871
12:51:42,-41,-64.85714286,872
12:51:47,-80,-65.21428571,873
12:51:47,-82,-65.21428571,874
12:51:47,-78,-65.21428571,875
12:51:47,-81,-65.14285714,876
12:51:47,-78,-65.14285714,877
12:51:47,-53,-64.71428571,878
12:51:47,-52,-65,879
12:51:47,-33,-64.71428571,880
12:51:47,-69,-64.71428571,881
12:51:47,-82,-64.64285714,882
12:51:47,-55,-64.14285714,883
12:51:47,-65,-63.92857143,884
12:51:47,-59,-63.21428571,885
12:51:47,-46,-63.64285714,886
12:51:52,-80,-63.14285714,887
12:51:52,-82,-59.78571429,888
12:51:52,-77,-59.64285714,889
12:51:52,-81,-60,890
12:51:52,-72,-59.71428571,891
12:51:52,-57,-60.35714286,892
12:51:52,-48,-61.78571429,893
12:51:52,-33,-62.14285714,894
12:51:52,-68,-63.28571429,895
12:51:52,-75,-63.57142857,896
12:51:52,-52,-63.92857143,897
12:51:52,-55,-64.14285714,898
12:51:52,-65,-64.14285714,899
12:51:52,-39,-64.14285714,900
12:51:58,-33,-64.78571429,901
12:51:58,-80,-68.14285714,902
12:51:58,-82,-68.21428571,903
12:51:58,-77,-67.92857143,904
12:51:58,-81,-68.28571429,905
12:51:58,-77,-67.64285714,906
12:51:58,-53,-66.07142857,907
12:51:58,-49,-65.71428571,908
12:51:58,-72,-64.64285714,909
12:51:58,-80,-64.35714286,910
12:51:58,-55,-64.14285714,911
12:51:58,-55,-63.92857143,912
12:51:58,-65,-63.85714286,913
12:51:58,-48,-63.78571429,914
12:52:03,-80,-63.21428571,915
12:52:03,-81,-63.5,916
12:52:03,-78,-63.42857143,917
12:52:03,-82,-63.64285714,918
12:52:03,-72,-63.42857143,919
12:52:03,-55,-64.14285714,920
12:52:03,-48,-65.71428571,921
12:52:03,-34,-66.07142857,922
12:52:03,-68,-67.21428571,923
12:52:03,-77,-64.78571429,924
12:52:03,-52,-64.35714286,925
12:52:03,-54,-66.42857143,926
12:52:03,-64,-66.42857143,927
12:52:03,-40,-65.71428571,928
12:52:03,-84,-67.42857143,929
12:52:08,-80,-64.64285714,930
12:52:08,-81,-64.92857143,931
12:52:08,-79,-64.64285714,932
12:52:08,-82,-64.92857143,933
12:52:08,-77,-64.57142857,934
12:52:08,-53,-64.92857143,935
12:52:08,-50,-66.28571429,936
12:52:08,-34,-66.71428571,937
12:52:08,-71,-67.71428571,938
12:52:08,-81,-65,939
12:52:08,-54,-64.07142857,940
12:52:08,-54,-65.71428571,941
12:52:08,-64,-65.64285714,942
12:52:08,-45,-64.92857143,943
12:52:08,-84,-66.21428571,944
12:52:13,-77,-63.21428571,945
12:52:13,-83,-63.71428571,946
12:52:13,-77,-63.28571429,947
12:52:13,-82,-63.71428571,948
12:52:13,-72,-63.57142857,949
12:52:13,-56,-64.28571429,950
12:52:13,-48,-65.85714286,951
12:52:13,-33,-66.28571429,952
12:52:13,-68,-67.57142857,953
12:52:13,-77,-65.07142857,954
12:52:13,-53,-64.64285714,955
12:52:13,-54,-66.35714286,956
12:52:13,-63,-66.35714286,957
12:52:13,-42,-65.71428571,958
12:52:13,-84,-67.21428571,959
12:52:18,-77,-64.64285714,960
12:52:18,-83,-65.14285714,961
12:52:18,-80,-64.78571429,962
12:52:18,-82,-65,963
12:52:18,-78,-64.71428571,964
12:52:18,-54,-65,965
12:52:18,-51,-66.28571429,966
12:52:18,-33,-66.57142857,967
12:52:18,-71,-67.64285714,968
12:52:18,-77,-64.92857143,969
12:52:18,-54,-64.28571429,970
12:52:18,-54,-65.92857143,971
12:52:18,-63,-65.78571429,972
12:52:18,-48,-65.14285714,973
12:52:18,-84,-66.21428571,974
12:52:23,-78,-63.21428571,975
12:52:23,-83,-63.64285714,976
12:52:23,-78,-63.28571429,977
12:52:23,-82,-63.64285714,978
12:52:23,-72,-63.35714286,979
12:52:23,-55,-64.07142857,980
12:52:23,-48,-65.71428571,981
12:52:23,-33,-66.07142857,982
12:52:23,-68,-67.28571429,983
12:52:23,-77,-64.78571429,984
12:52:23,-52,-64.35714286,985
12:52:23,-54,-66.5,986
12:52:23,-63,-66.5,987
12:52:23,-42,-65.85714286,988
12:52:23,-84,-67.35714286,989
12:52:28,-78,-64.71428571,990
12:52:28,-83,-65.14285714,991
12:52:28,-78,-64.64285714,992
12:52:28,-82,-64.92857143,993
12:52:28,-78,-64.64285714,994
12:52:28,-53,-64.92857143,995
12:52:28,-50,-66.21428571,996
12:52:28,-33,-66.64285714,997
12:52:28,-71,-67.64285714,998
12:52:28,-82,-64.92857143,999
12:52:28,-54,-63.92857143,1000
12:52:28,-54,-65.57142857,1001
12:52:28,-63,-65.42857143,1002
12:52:28,-47,-64.78571429,1003
12:52:28,-84,-66,1004
12:52:33,-76,-63.14285714,1005
12:52:33,-82,-63.64285714,1006
12:52:33,-78,-63.21428571,1007
12:52:33,-82,-63.5,1008
12:52:33,-71,-63.28571429,1009
12:52:33,-56,-64.07142857,1010
12:52:33,-47,-65.64285714,1011
12:52:33,-33,-66.07142857,1012
12:52:33,-68,-67.28571429,1013
12:52:33,-77,-64.78571429,1014
12:52:33,-52,-64.42857143,1015
12:52:33,-54,-66.57142857,1016
12:52:33,-64,-66.42857143,1017
12:52:33,-44,-65.71428571,1018
12:52:33,-83,-67.14285714,1019
12:52:38,-76,-64.71428571,1020
12:52:38,-82,-65.21428571,1021
12:52:38,-79,-64.92857143,1022
12:52:38,-82,-65.14285714,1023
12:52:38,-78,-64.85714286,1024
12:52:38,-53,-65.14285714,1025
12:52:38,-50,-66.57142857,1026
12:52:38,-33,-66.92857143,1027
12:52:38,-72,-68,1028
12:52:38,-82,-65.21428571,1029
12:52:38,-52,-64.21428571,1030
12:52:38,-54,-66.07142857,1031
12:52:38,-64,-65.85714286,1032
12:52:38,-49,-65.14285714,1033
12:52:38,-83,-66.14285714,1034
12:52:43,-78,-63.5,1035
12:52:43,-82,-63.85714286,1036
12:52:43,-78,-63.57142857,1037
12:52:43,-82,-63.85714286,1038
12:52:43,-73,-63.64285714,1039
12:52:43,-55,-64.28571429,1040
12:52:43,-48,-66,1041
12:52:43,-33,-66.35714286,1042
12:52:43,-68,-67.57142857,1043
12:52:43,-78,-65.07142857,1044
12:52:43,-51,-64.57142857,1045
12:52:43,-54,-66.71428571,1046
12:52:43,-63,-66.64285714,1047
12:52:43,-46,-67.14285714,1048
12:52:43,-83,-67.92857143,1049
12:52:48,-78,-65.5,1050
12:52:48,-82,-65.85714286,1051
12:52:48,-79,-65.42857143,1052
12:52:48,-82,-65.64285714,1053
12:52:48,-79,-65.42857143,1054
12:52:48,-53,-65.64285714,1055
12:52:48,-50,-66.92857143,1056
12:52:48,-33,-67.35714286,1057
12:52:48,-71,-68.42857143,1058
12:52:48,-81,-65.71428571,1059
12:52:48,-53,-64.78571429,1060
12:52:48,-70,-66.57142857,1061
12:52:48,-57,-65.28571429,1062
12:52:48,-49,-66.21428571,1063
12:52:48,-83,-66.78571429,1064
12:52:53,-76,-64.21428571,1065
12:52:53,-82,-64.71428571,1066
12:52:53,-79,-64.28571429,1067
12:52:53,-82,-64.5,1068
12:52:53,-71,-64.28571429,1069
12:52:53,-56,-65.07142857,1070
12:52:53,-48,-66.71428571,1071
12:52:53,-33,-67.07142857,1072
12:52:53,-68,-68.28571429,1073
12:52:53,-78,-65.78571429,1074
12:52:53,-52,-65.28571429,1075
12:52:53,-70,-67.42857143,1076
12:52:53,-57,-66.14285714,1077
12:52:53,-47,-67.07142857,1078
12:52:53,-83,-67.78571429,1079
12:52:58,-76,-65.5,1080
12:52:58,-82,-66,1081
12:52:58,-79,-65.64285714,1082
12:52:58,-82,-66,1083
12:52:58,-79,-65.57142857,1084
12:52:58,-53,-65.78571429,1085
12:52:58,-50,-67.14285714,1086
12:52:58,-33,-67.57142857,1087
12:52:58,-71,-68.57142857,1088
12:52:58,-82,-65.85714286,1089
12:52:58,-52,-64.92857143,1090
12:52:58,-70,-66.78571429,1091
12:52:58,-57,-65.5,1092
12:52:58,-51,-65.5,1093
12:52:58,-83,-66.35714286,1094
12:53:03,-77,-63.78571429,1095
12:53:03,-84,-64.07142857,1096
12:53:03,-76,-63.57142857,1097
12:53:03,-82,-64.14285714,1098
12:53:03,-72,-63.85714286,1099
12:53:03,-56,-64.57142857,1100
12:53:03,-47,-66.14285714,1101
12:53:03,-33,-66.64285714,1102
12:53:03,-69,-67.92857143,1103
12:53:03,-78,-65.42857143,1104
12:53:03,-52,-65.07142857,1105
12:53:03,-57,-66.92857143,1106
12:53:03,-63,-66.64285714,1107
12:53:03,-47,-66.21428571,1108
12:53:03,-81,-66.92857143,1109
12:53:08,-77,-64.78571429,1110
12:53:08,-84,-65.07142857,1111
12:53:08,-78,-64.57142857,1112
12:53:08,-82,-65,1113
12:53:08,-78,-64.57142857,1114
12:53:08,-54,-64.85714286,1115
12:53:08,-51,-66.28571429,1116
12:53:08,-34,-66.57142857,1117
12:53:08,-73,-67.42857143,1118
12:53:08,-78,-64.57142857,1119
12:53:08,-53,-64,1120
12:53:08,-57,-65.78571429,1121
12:53:08,-57,-65.71428571,1122
12:53:08,-51,-65.71428571,1123
12:53:08,-81,-66.14285714,1124
12:53:13,-77,-63.78571429,1125
12:53:13,-84,-64.21428571,1126
12:53:13,-76,-64,1127
12:53:13,-82,-64.07142857,1128
12:53:13,-74,-64.21428571,1129
12:53:13,-55,-64.5,1130
12:53:13,-46,-66.42857143,1131
12:53:13,-33,-68.71428571,1132
12:53:13,-70,-70.21428571,1133
12:53:13,-78,-68.64285714,1134
12:53:13,-56,-65.42857143,1135
12:53:13,-57,-66.42857143,1136
12:53:13,-57,-68.42857143,1137
12:53:13,-48,-67.92857143,1138
12:53:13,-83,-69,1139
12:53:13,-81,-67.14285714,1140
12:53:19,-77,-65.07142857,1141
12:53:19,-84,-65.5,1142
12:53:19,-78,-65.28571429,1143
12:53:19,-82,-65.21428571,1144
12:53:19,-78,-65.35714286,1145
12:53:19,-54,-65.28571429,1146
12:53:19,-48,-67.28571429,1147
12:53:19,-33,-69,1148
12:53:19,-70,-70.64285714,1149
12:53:19,-85,-69,1150
12:53:19,-50,-65.28571429,1151
12:53:19,-63,-66.57142857,1152
12:53:19,-57,-68.14285714,1153
12:53:19,-52,-67.92857143,1154
12:53:19,-83,-68.71428571,1155
12:53:19,-81,-66.85714286,1156
12:53:24,-77,-64.64285714,1157
12:53:24,-84,-65.07142857,1158
12:53:24,-77,-64.85714286,1159
12:53:24,-82,-65.21428571,1160
12:53:24,-72,-65.35714286,1161
12:53:24,-56,-66,1162
12:53:24,-47,-67.85714286,1163
12:53:24,-33,-69.78571429,1164
12:53:24,-68,-71.28571429,1165
12:53:24,-85,-70.28571429,1166
12:53:24,-54,-66.64285714,1167
12:53:24,-63,-67.85714286,1168
12:53:24,-57,-69.42857143,1169
12:53:24,-50,-69,1170
12:53:24,-83,-69.92857143,1171
12:53:24,-81,-68.14285714,1172
12:53:29,-82,-66,1173
12:53:29,-84,-66.07142857,1174
12:53:29,-81,-65.85714286,1175
12:53:29,-82,-65.92857143,1176
12:53:29,-74,-66.07142857,1177
12:53:29,-54,-66.28571429,1178
12:53:29,-54,-68.28571429,1179
12:53:29,-34,-69.64285714,1180
12:53:29,-71,-71.14285714,1181
12:53:29,-85,-69.42857143,1182
12:53:29,-51,-65.71428571,1183
12:53:29,-63,-66.85714286,1184
12:53:29,-58,-67.85714286,1185
12:53:29,-51,-67.35714286,1186
12:53:29,-83,-68.21428571,1187
12:53:29,-81,-66.42857143,1188
12:53:34,-82,-64.14285714,1189
12:53:34,-84,-64.21428571,1190
12:53:34,-77,-64,1191
12:53:34,-82,-64.35714286,1192
12:53:34,-73,-64.5,1193
12:53:34,-55,-64.92857143,1194
12:53:34,-47,-66.85714286,1195
12:53:34,-33,-69,1196
12:53:34,-67,-70.5,1197
12:53:34,-77,-69.21428571,1198
12:53:34,-51,-66.07142857,1199
12:53:34,-63,-67.21428571,1200
12:53:34,-58,-68.64285714,1201
12:53:34,-49,-68.14285714,1202
12:53:34,-83,-69.28571429,1203
12:53:34,-81,-67.35714286,1204
12:53:39,-82,-65.35714286,1205
12:53:39,-84,-65.42857143,1206
12:53:39,-79,-65.35714286,1207
12:53:39,-82,-65.5,1208
12:53:39,-77,-65.14285714,1209
12:53:39,-54,-65.5,1210
12:53:39,-49,-67.21428571,1211
12:53:39,-33,-69.57142857,1212
12:53:39,-67,-72.28571429,1213
12:53:39,-83,-71.35714286,1214
12:53:39,-51,-69.64285714,1215
12:53:39,-65,-68.35714286,1216
12:53:39,-56,-68.57142857,1217
12:53:39,-53,-70.28571429,1218
12:53:39,-83,-70.57142857,1219
12:53:39,-83,-69.14285714,1220
12:53:39,-81,-67.78571429,1221
12:53:44,-77,-65.71428571,1222
12:53:44,-82,-66.14285714,1223
12:53:44,-78,-66.21428571,1224
12:53:44,-82,-66.42857143,1225
12:53:44,-71,-66.07142857,1226
12:53:44,-54,-66.85714286,1227
12:53:44,-59,-68.57142857,1228
12:53:44,-33,-70.21428571,1229
12:53:44,-68,-73.5,1230
12:53:44,-80,-72.42857143,1231
12:53:44,-57,-70.28571429,1232
12:53:44,-63,-68.57142857,1233
12:53:44,-64,-69.21428571,1234
12:53:44,-52,-70.5,1235
12:53:44,-83,-70.64285714,1236
12:53:44,-83,-69.64285714,1237
12:53:44,-81,-67.71428571,1238
12:53:49,-77,-65.64285714,1239
12:53:49,-82,-66.07142857,1240
12:53:49,-78,-66.14285714,1241
12:53:49,-82,-66.35714286,1242
12:53:49,-79,-66.14285714,1243
12:53:49,-53,-66.35714286,1244
12:53:49,-50,-68,1245
12:53:49,-33,-70.28571429,1246
12:53:49,-72,-72.92857143,1247
12:53:49,-82,-71.64285714,1248
12:53:49,-54,-69.07142857,1249
12:53:49,-69,-67.57142857,1250
12:53:49,-56,-67.57142857,1251
12:53:49,-52,-69.21428571,1252
12:53:49,-83,-69.14285714,1253
12:53:49,-83,-67.64285714,1254
12:53:49,-81,-65.71428571,1255
12:53:54,-79,-63.64285714,1256
12:53:54,-82,-63.92857143,1257
12:53:54,-76,-64,1258
12:53:54,-82,-64.35714286,1259
12:53:54,-70,-64.14285714,1260
12:53:54,-54,-65,1261
12:53:54,-46,-66.71428571,1262
12:53:54,-33,-69,1263
12:53:54,-69,-70.5,1264
12:53:54,-79,-69.14285714,1265
12:53:54,-51,-65.85714286,1266
12:53:54,-62,-67.21428571,1267
12:53:54,-56,-68.42857143,1268
12:53:54,-52,-68.14285714,1269
12:53:54,-83,-68.85714286,1270
12:53:54,-83,-67,1271
12:53:54,-81,-65,1272
12:53:59,-79,-65.14285714,1273
12:53:59,-82,-65.42857143,1274
12:53:59,-78,-65.35714286,1275
12:53:59,-78,-65.42857143,1276
12:53:59,-54,-65.71428571,1277
12:53:59,-50,-67.35714286,1278
12:53:59,-33,-69.07142857,1279
12:53:59,-70,-70.64285714,1280
12:53:59,-79,-69.07142857,1281
12:53:59,-52,-65.78571429,1282
12:53:59,-62,-66.85714286,1283
12:53:59,-57,-68.21428571,1284
12:53:59,-55,-67.78571429,1285
12:53:59,-83,-68.21428571,1286
12:53:59,-83,-66.35714286,1287
12:53:59,-81,-64.14285714,1288
12:54:04,-79,-64.28571429,1289
12:54:04,-82,-64.57142857,1290
12:54:04,-77,-64.5,1291
12:54:04,-74,-64.64285714,1292
12:54:04,-55,-65.21428571,1293
12:54:04,-48,-66.85714286,1294
12:54:04,-33,-68.92857143,1295
12:54:04,-67,-70.42857143,1296
12:54:04,-81,-69.21428571,1297
12:54:04,-51,-65.78571429,1298
12:54:04,-61,-67.07142857,1299
12:54:04,-57,-68.5,1300
12:54:04,-52,-68.21428571,1301
12:54:04,-83,-69.5,1302
12:54:04,-83,-67.64285714,1303
12:54:04,-81,-65.57142857,1304
12:54:09,-79,-65.71428571,1305
12:54:09,-82,-66,1306
12:54:09,-78,-65.92857143,1307
12:54:09,-77,-66,1308
12:54:09,-54,-66.35714286,1309
12:54:09,-50,-67.85714286,1310
12:54:09,-33,-69.35714286,1311
12:54:09,-69,-70.85714286,1312
12:54:09,-81,-69.28571429,1313
12:54:09,-53,-65.78571429,1314
12:54:09,-70,-67.07142857,1315
12:54:09,-57,-67.85714286,1316
12:54:09,-54,-67.57142857,1317
12:54:09,-83,-68.07142857,1318
12:54:09,-83,-66.21428571,1319
12:54:09,-81,-63.92857143,1320
12:54:14,-79,-64.07142857,1321
12:54:14,-82,-64.35714286,1322
12:54:14,-75,-64.28571429,1323
12:54:14,-71,-64.57142857,1324
12:54:14,-54,-65.35714286,1325
12:54:14,-47,-67.07142857,1326
12:54:14,-32,-69.07142857,1327
12:54:14,-71,-70.57142857,1328
12:54:14,-81,-69.14285714,1329
12:54:14,-53,-65.71428571,1330
12:54:14,-61,-67,1331
12:54:14,-57,-68.5,1332
12:54:14,-51,-68.14285714,1333
12:54:14,-83,-68.85714286,1334
12:54:14,-83,-67,1335
12:54:14,-81,-65,1336
12:54:19,-79,-65.14285714,1337
12:54:19,-82,-65.42857143,1338
12:54:19,-78,-65.35714286,1339
12:54:19,-75,-65.42857143,1340
12:54:19,-53,-65.92857143,1341
12:54:19,-51,-67.5,1342
12:54:19,-33,-69,1343
12:54:19,-71,-70.57142857,1344
12:54:19,-82,-68.85714286,1345
12:54:19,-52,-65.35714286,1346
12:54:19,-61,-66.57142857,1347
12:54:19,-57,-68.07142857,1348
12:54:19,-55,-67.71428571,1349
12:54:19,-83,-68.21428571,1350
12:54:19,-83,-66.78571429,1351
12:54:19,-81,-64.42857143,1352
12:54:24,-79,-64.57142857,1353
12:54:24,-82,-64.85714286,1354
12:54:24,-75,-64.78571429,1355
12:54:24,-72,-65.07142857,1356
12:54:25,-55,-65.78571429,1357
12:54:25,-47,-67.35714286,1358
12:54:25,-33,-69.57142857,1359
12:54:25,-69,-71,1360
12:54:25,-82,-69.71428571,1361
12:54:25,-52,-66.21428571,1362
12:54:25,-62,-67.64285714,1363
12:54:25,-63,-69.07142857,1364
12:54:25,-50,-68.35714286,1365
12:54:25,-83,-69.21428571,1366
12:54:25,-83,-67.42857143,1367
12:54:25,-81,-65.35714286,1368
12:54:30,-79,-65.5,1369
12:54:30,-82,-65.78571429,1370
12:54:30,-77,-65.71428571,1371
12:54:30,-78,-66,1372
12:54:30,-53,-66.28571429,1373
12:54:30,-51,-67.85714286,1374
12:54:30,-33,-69.28571429,1375
12:54:30,-72,-70.85714286,1376
12:54:30,-82,-69.14285714,1377
12:54:30,-53,-65.64285714,1378
12:54:30,-62,-66.71428571,1379
12:54:30,-58,-68.14285714,1380
12:54:30,-54,-67.71428571,1381
12:54:30,-83,-68.35714286,1382
12:54:30,-83,-66.85714286,1383
12:54:30,-81,-64.5,1384
12:54:35,-81,-64.64285714,1385
12:54:35,-82,-64.78571429,1386
12:54:35,-75,-64.71428571,1387
12:54:35,-71,-65.14285714,1388
12:54:35,-55,-65.92857143,1389
12:54:35,-48,-67.5,1390
12:54:35,-33,-69.64285714,1391
12:54:35,-68,-71.07142857,1392
12:54:35,-82,-69.78571429,1393
12:54:35,-52,-66.28571429,1394
12:54:35,-63,-67.71428571,1395
12:54:35,-62,-69.07142857,1396
12:54:35,-50,-68.35714286,1397
12:54:35,-83,-70,1398
12:54:35,-83,-68.14285714,1399
12:54:35,-81,-66,1400
12:54:40,-81,-66.14285714,1401
12:54:40,-82,-66.28571429,1402
12:54:40,-77,-66.21428571,1403
12:54:40,-78,-66.42857143,1404
12:54:40,-53,-66.85714286,1405
12:54:40,-50,-68.42857143,1406
12:54:40,-33,-70.71428571,1407
12:54:40,-72,-73.42857143,1408
12:54:40,-82,-72.21428571,1409
12:54:40,-52,-69.71428571,1410
12:54:40,-73,-68.35714286,1411
12:54:40,-57,-68.07142857,1412
12:54:40,-53,-69.85714286,1413
12:54:40,-83,-69.71428571,1414
12:54:40,-83,-68.14285714,1415
12:54:40,-81,-66.64285714,1416
12:54:45,-80,-64.42857143,1417
12:54:45,-84,-64.64285714,1418
12:54:45,-75,-64.57142857,1419
12:54:45,-82,-65,1420
12:54:45,-71,-64.85714286,1421
12:54:45,-55,-65.78571429,1422
12:54:45,-47,-67.21428571,1423
12:54:45,-33,-69.71428571,1424
12:54:45,-69,-72.92857143,1425
12:54:45,-82,-71.78571429,1426
12:54:45,-51,-69.57142857,1427
12:54:45,-61,-68.28571429,1428
12:54:45,-62,-69.21428571,1429
12:54:45,-50,-70.64285714,1430
12:54:45,-83,-70.85714286,1431
12:54:45,-83,-70,1432
12:54:45,-81,-68.21428571,1433
12:54:50,-80,-66.21428571,1434
12:54:50,-84,-66.42857143,1435
12:54:50,-75,-66.35714286,1436
12:54:50,-82,-66.78571429,1437
12:54:50,-78,-63.28571429,1438
12:54:50,-53,-63.5,1439
12:54:50,-51,-65.71428571,1440
12:54:50,-33,-67.42857143,1441
12:54:50,-74,-70.92857143,1442
12:54:50,-82,-70.71428571,1443
12:54:50,-53,-68.78571429,1444
12:54:50,-71,-68.42857143,1445
12:54:50,-58,-68.28571429,1446
12:54:50,-53,-69.92857143,1447
12:54:50,-83,-69.85714286,1448
12:54:50,-83,-69,1449
12:54:50,-81,-67.5,1450
12:54:55,-33,-65.21428571,1451
12:54:55,-81,-68.78571429,1452
12:54:55,-84,-68.92857143,1453
12:54:55,-75,-68.78571429,1454
12:54:55,-82,-69.21428571,1455
12:54:55,-71,-69.35714286,1456
12:54:55,-55,-69.85714286,1457
12:54:55,-48,-71.78571429,1458
12:54:55,-69,-73.92857143,1459
12:54:55,-81,-72.78571429,1460
12:54:55,-52,-70.57142857,1461
12:54:55,-71,-69.21428571,1462
12:54:55,-62,-69.35714286,1463
12:54:55,-49,-70.85714286,1464
12:54:55,-83,-71.07142857,1465
12:54:55,-83,-70.21428571,1466
12:54:55,-82,-68.35714286,1467
12:55:00,-81,-66.35714286,1468
12:55:00,-84,-66.5,1469
12:55:00,-78,-66.42857143,1470
12:55:00,-82,-66.71428571,1471
12:55:00,-78,-66.64285714,1472
12:55:00,-53,-67.07142857,1473
12:55:00,-50,-68.57142857,1474
12:55:00,-33,-70.85714286,1475
12:55:00,-73,-73.64285714,1476
12:55:00,-83,-72.28571429,1477
12:55:00,-52,-69.64285714,1478
12:55:00,-71,-68.35714286,1479
12:55:00,-57,-68.21428571,1480
12:55:00,-54,-70.07142857,1481
12:55:00,-83,-69.78571429,1482
12:55:00,-83,-68.92857143,1483
12:55:00,-82,-67.07142857,1484
12:55:05,-81,-64.78571429,1485
12:55:05,-84,-64.92857143,1486
12:55:05,-74,-64.85714286,1487
12:55:05,-82,-65.42857143,1488
12:55:05,-72,-65.35714286,1489
12:55:05,-54,-66.21428571,1490
12:55:05,-46,-68,1491
12:55:05,-34,-70.57142857,1492
12:55:05,-69,-73.64285714,1493
12:55:05,-83,-72.57142857,1494
12:55:05,-50,-70.28571429,1495
12:55:05,-71,-69.07142857,1496
12:55:05,-57,-69.07142857,1497
12:55:05,-50,-71,1498
12:55:05,-83,-71.14285714,1499
12:55:05,-83,-70.42857143,1500
12:55:05,-82,-68.57142857,1501
12:55:10,-81,-66.42857143,1502
12:55:10,-84,-66.57142857,1503
12:55:10,-79,-66.5,1504
12:55:10,-82,-66.71428571,1505
12:55:10,-77,-66.64285714,1506
12:55:10,-54,-67.14285714,1507
12:55:10,-51,-68.71428571,1508
12:55:10,-33,-70.92857143,1509
12:55:10,-71,-73.71428571,1510
12:55:10,-84,-72.57142857,1511
12:55:10,-52,-70,1512
12:55:10,-73,-68.64285714,1513
12:55:10,-57,-68.35714286,1514
12:55:10,-52,-70.28571429,1515
12:55:10,-83,-70.35714286,1516
12:55:10,-83,-68.78571429,1517
12:55:10,-82,-67.35714286,1518
12:55:15,-81,-65,1519
12:55:15,-84,-65.14285714,1520
12:55:15,-76,-65,1521
12:55:15,-82,-65.35714286,1522
12:55:15,-72,-65.5,1523
12:55:15,-55,-65.92857143,1524
12:55:15,-48,-67.85714286,1525
12:55:15,-33,-69.92857143,1526
12:55:15,-69,-71.35714286,1527
12:55:15,-84,-70,1528
12:55:15,-53,-66.35714286,1529
12:55:15,-61,-67.57142857,1530
12:55:15,-63,-69.21428571,1531
12:55:15,-49,-68.42857143,1532
12:55:15,-83,-69.28571429,1533
12:55:15,-82,-67.85714286,1534
12:55:20,-81,-65.71428571,1535
12:55:20,-84,-65.85714286,1536
12:55:20,-78,-65.71428571,1537
12:55:20,-82,-65.85714286,1538
12:55:20,-77,-66,1539
12:55:20,-53,-65.92857143,1540
12:55:20,-50,-68,1541
12:55:20,-33,-69.57142857,1542
12:55:20,-70,-71.14285714,1543
12:55:20,-84,-69.5,1544
12:55:20,-52,-65.85714286,1545
12:55:20,-61,-67,1546
12:55:20,-63,-68.42857143,1547
12:55:20,-52,-67.71428571,1548
12:55:20,-83,-68.35714286,1549
12:55:20,-82,-66.92857143,1550
12:55:25,-80,-64.5,1551
12:55:25,-84,-64.71428571,1552
12:55:25,-76,-64.57142857,1553
12:55:25,-82,-64.85714286,1554
12:55:25,-72,-65,1555
12:55:25,-55,-65.35714286,1556
12:55:25,-47,-67.28571429,1557
12:55:25,-33,-69.42857143,1558
12:55:25,-68,-70.85714286,1559
12:55:25,-81,-69.71428571,1560
12:55:25,-53,-66.28571429,1561
12:55:25,-61,-67.71428571,1562
12:55:25,-63,-69.35714286,1563
12:55:25,-48,-68.57142857,1564
12:55:25,-83,-70.35714286,1565
12:55:25,-82,-68.57142857,1566
12:55:30,-80,-66.42857143,1567
12:55:30,-84,-66.64285714,1568
12:55:30,-77,-66.5,1569
12:55:30,-82,-66.78571429,1570
12:55:30,-77,-66.92857143,1571
12:55:30,-53,-66.92857143,1572
12:55:30,-52,-68.92857143,1573
12:55:30,-33,-70.42857143,1574
12:55:30,-73,-71.92857143,1575
12:55:30,-84,-70.28571429,1576
12:55:30,-52,-66.64285714,1577
12:55:30,-73,-67.78571429,1578
12:55:30,-58,-68.5,1579
12:55:30,-52,-68,1580
12:55:30,-83,-68.92857143,1581
12:55:30,-82,-67.5,1582
12:55:35,-81,-64.92857143,1583
12:55:35,-84,-65,1584
12:55:35,-77,-64.78571429,1585
12:55:35,-81,-65.28571429,1586
12:55:35,-73,-64.92857143,1587
12:55:35,-54,-65.5,1588
12:55:35,-50,-67.21428571,1589
12:55:35,-33,-67.5,1590
12:55:35,-68,-68.71428571,1591
12:55:35,-83,-66.21428571,1592
12:55:35,-51,-65.35714286,1593
12:55:35,-65,-67.64285714,1594
12:55:35,-63,-66.57142857,1595
12:55:35,-46,-66.71428571,1596
12:55:35,-82,-67.92857143,1597
12:55:40,-81,-65.64285714,1598
12:55:40,-84,-65.71428571,1599
12:55:40,-76,-65.42857143,1600
12:55:40,-81,-66,1601
12:55:40,-78,-65.64285714,1602
12:55:40,-54,-65.85714286,1603
12:55:40,-50,-67.21428571,1604
12:55:40,-33,-67.57142857,1605
12:55:40,-71,-68.78571429,1606
12:55:40,-83,-66.07142857,1607
12:55:40,-50,-65,1608
12:55:40,-65,-67.35714286,1609
12:55:40,-63,-66.35714286,1610
12:55:40,-50,-66.42857143,1611
12:55:40,-82,-67.42857143,1612
12:55:45,-80,-64.92857143,1613
12:55:45,-84,-65.07142857,1614
12:55:45,-76,-64.78571429,1615
12:55:45,-81,-65.35714286,1616
12:55:45,-73,-65.14285714,1617
12:55:45,-55,-65.71428571,1618
12:55:45,-50,-67.35714286,1619
12:55:45,-33,-67.64285714,1620
12:55:45,-68,-69.14285714,1621
12:55:45,-83,-66.57142857,1622
12:55:45,-51,-65.64285714,1623
12:55:45,-64,-68,1624
12:55:45,-64,-67.78571429,1625
12:55:45,-47,-68.21428571,1626
12:55:45,-82,-68.71428571,1627
12:55:50,-80,-66.57142857,1628
12:55:50,-84,-66.71428571,1629
12:55:50,-78,-66.42857143,1630
12:55:50,-81,-66.85714286,1631
12:55:50,-78,-66.64285714,1632
12:55:50,-54,-66.85714286,1633
12:55:50,-54,-68.21428571,1634
12:55:50,-32,-68.28571429,1635
12:55:50,-70,-70.28571429,1636
12:55:50,-84,-67.64285714,1637
12:55:50,-61,-66.64285714,1638
12:55:50,-70,-68,1639
12:55:50,-54,-67.28571429,1640
12:55:50,-52,-68.42857143,1641
12:55:50,-82,-68.57142857,1642
12:55:56,-80,-65.85714286,1643
12:55:56,-84,-66,1644
12:55:56,-78,-65.71428571,1645
12:55:56,-81,-66.14285714,1646
12:55:56,-73,-65.78571429,1647
12:55:56,-55,-66.35714286,1648
12:55:56,-60,-68,1649
12:55:56,-33,-67.57142857,1650
12:55:56,-70,-69.14285714,1651
12:55:56,-80,-66.5,1652
12:55:56,-60,-65.85714286,1653
12:55:56,-70,-67.42857143,1654
12:55:56,-54,-66.85714286,1655
12:55:56,-44,-68,1656
12:55:56,-82,-68.85714286,1657
12:56:01,-80,-66.64285714,1658
12:56:01,-84,-66.78571429,1659
12:56:01,-76,-66.5,1660
12:56:01,-81,-67.07142857,1661
12:56:01,-78,-66.71428571,1662
12:56:01,-54,-66.92857143,1663
12:56:01,-55,-68.14285714,1664
12:56:01,-33,-68.14285714,1665
12:56:01,-71,-70.28571429,1666
12:56:01,-82,-67.57142857,1667
12:56:01,-62,-66.57142857,1668
12:56:01,-70,-68,1669
12:56:01,-56,-67.28571429,1670
12:56:01,-51,-67.71428571,1671
12:56:01,-82,-68.42857143,1672
12:56:06,-80,-65.71428571,1673
12:56:06,-84,-65.85714286,1674
12:56:06,-76,-65.57142857,1675
12:56:06,-81,-66.14285714,1676
12:56:06,-71,-65.92857143,1677
12:56:06,-55,-66.64285714,1678
12:56:06,-63,-68.35714286,1679
12:56:06,-33,-67.71428571,1680
12:56:06,-68,-69.28571429,1681
12:56:06,-82,-66.78571429,1682
12:56:06,-60,-66.07142857,1683
12:56:06,-62,-67.64285714,1684
12:56:06,-61,-67.42857143,1685
12:56:06,-44,-67.78571429,1686
12:56:06,-82,-68.5,1687
12:56:11,-80,-65.92857143,1688
12:56:11,-84,-66.07142857,1689
12:56:11,-78,-65.85714286,1690
12:56:11,-81,-66.28571429,1691
12:56:11,-79,-65.92857143,1692
12:56:11,-54,-66.07142857,1693
12:56:11,-55,-67.78571429,1694
12:56:11,-33,-67.64285714,1695
12:56:11,-72,-69.21428571,1696
12:56:11,-82,-66.42857143,1697
12:56:11,-59,-65.71428571,1698
12:56:11,-66,-67.35714286,1699
12:56:11,-54,-66.92857143,1700
12:56:11,-46,-67.42857143,1701
12:56:11,-82,-68.07142857,1702
12:56:16,-81,-65.92857143,1703
12:56:16,-84,-65.92857143,1704
12:56:16,-76,-65.78571429,1705
12:56:16,-81,-66.35714286,1706
12:56:16,-78,-66.07142857,1707
12:56:16,-53,-66.28571429,1708
12:56:16,-55,-67.71428571,1709
12:56:16,-33,-67.57142857,1710
12:56:16,-72,-69.78571429,1711
12:56:16,-82,-67.07142857,1712
12:56:16,-60,-66.07142857,1713
12:56:16,-61,-67.57142857,1714
12:56:16,-55,-67.5,1715
12:56:16,-52,-68,1716
12:56:16,-81,-68.78571429,1717
12:56:21,-82,-65.85714286,1718
12:56:21,-84,-65.92857143,1719
12:56:21,-77,-65.78571429,1720
12:56:21,-81,-66.28571429,1721
12:56:21,-73,-65.85714286,1722
12:56:21,-53,-66.42857143,1723
12:56:21,-64,-68.21428571,1724
12:56:21,-34,-67.5,1725
12:56:21,-68,-68.92857143,1726
12:56:21,-81,-66.42857143,1727
12:56:21,-60,-65.71428571,1728
12:56:21,-62,-67.21428571,1729
12:56:21,-63,-67.07142857,1730
12:56:21,-40,-67.42857143,1731
12:56:21,-83,-68.5,1732
12:56:26,-82,-66.21428571,1733
12:56:26,-84,-66.28571429,1734
12:56:26,-75,-66.14285714,1735
12:56:26,-81,-66.78571429,1736
12:56:26,-78,-66.71428571,1737
12:56:26,-54,-66.92857143,1738
12:56:26,-54,-68.14285714,1739
12:56:26,-33,-68,1740
12:56:26,-71,-70.14285714,1741
12:56:26,-81,-67.42857143,1742
12:56:26,-60,-66.57142857,1743
12:56:26,-68,-68.07142857,1744
12:56:26,-55,-67.5,1745
12:56:26,-51,-68,1746
12:56:26,-83,-68.78571429,1747
12:56:31,-82,-65.57142857,1748
12:56:31,-84,-65.64285714,1749
12:56:31,-80,-65.5,1750
12:56:31,-81,-65.78571429,1751
12:56:31,-71,-65.5,1752
12:56:31,-52,-66.21428571,1753
12:56:31,-63,-68.07142857,1754
12:56:31,-33,-67.42857143,1755
12:56:31,-69,-69,1756
12:56:31,-81,-66.57142857,1757
12:56:31,-60,-65.85714286,1758
12:56:31,-62,-67.42857143,1759
12:56:31,-62,-67.64285714,1760
12:56:31,-38,-68.14285714,1761
12:56:31,-83,-69.5,1762
12:56:36,-82,-67,1763
12:56:36,-84,-67.07142857,1764
12:56:36,-77,-66.85714286,1765
12:56:36,-81,-66.71428571,1766
12:56:36,-78,-66.71428571,1767
12:56:36,-54,-66.28571429,1768
12:56:36,-55,-66.35714286,1769
12:56:36,-35,-66.35714286,1770
12:56:36,-71,-66.35714286,1771
12:56:36,-82,-66.14285714,1772
12:56:36,-65,-66.07142857,1773
12:56:36,-69,-65.57142857,1774
12:56:36,-57,-65.57142857,1775
12:56:36,-48,-65.57142857,1776
12:56:36,-83,-64.85714286,1777
12:56:41,-81,-64.92857143,1778
12:56:41,-75,-64.92857143,1779
12:56:41,-81,-65.07142857,1780
12:56:41,-72,-65.07142857,1781
12:56:41,-55,-65.42857143,1782
12:56:41,-55,-65.21428571,1783
12:56:41,-35,-65.14285714,1784
12:56:41,-68,-65.21428571,1785
12:56:41,-81,-65.57142857,1786
12:56:41,-58,-65.85714286,1787
12:56:41,-69,-66.07142857,1788
12:56:41,-57,-66,1789
12:56:41,-38,-65.92857143,1790
12:56:41,-84,-66.57142857,1791
12:56:46,-81,-66.57142857,1792
12:56:46,-77,-66.71428571,1793
12:56:46,-81,-66.64285714,1794
12:56:46,-77,-66.64285714,1795
12:56:46,-52,-66.28571429,1796
12:56:46,-54,-66.28571429,1797
12:56:46,-36,-66.42857143,1798
12:56:46,-73,-66.28571429,1799
12:56:46,-85,-65.85714286,1800
12:56:46,-61,-65.57142857,1801
12:56:46,-68,-65.21428571,1802
12:56:46,-56,-64.78571429,1803
12:56:46,-47,-64.78571429,1804
12:56:46,-84,-64.14285714,1805
12:56:51,-83,-64.14285714,1806
12:56:51,-76,-64.14285714,1807
12:56:51,-81,-64.42857143,1808
12:56:51,-72,-64.42857143,1809
12:56:51,-52,-64.85714286,1810
12:56:51,-56,-65,1811
12:56:51,-34,-65.07142857,1812
12:56:51,-67,-65.14285714,1813
12:56:51,-81,-65.28571429,1814
12:56:51,-56,-65.28571429,1815
12:56:51,-62,-65,1816
12:56:51,-56,-65.14285714,1817
12:56:51,-38,-65.14285714,1818
12:56:51,-84,-65.21428571,1819
12:56:56,-83,-65.21428571,1820
12:56:56,-80,-65.07142857,1821
12:56:56,-81,-64.85714286,1822
12:56:56,-78,-64.85714286,1823
12:56:56,-54,-64.85714286,1824
12:56:56,-57,-65.14285714,1825
12:56:56,-35,-65.07142857,1826
12:56:56,-69,-65.14285714,1827
12:56:56,-81,-65.14285714,1828
12:56:56,-52,-65.14285714,1829
12:56:56,-64,-65.57142857,1830
12:56:56,-56,-65.57142857,1831
12:56:56,-39,-66,1832
12:56:56,-84,-65.92857143,1833
12:57:01,-81,-65.85714286,1834
12:57:01,-77,-65.85714286,1835
12:57:01,-81,-65.92857143,1836
12:57:01,-78,-65.92857143,1837
12:57:01,-58,-65.85714286,1838
12:57:01,-56,-65.57142857,1839
12:57:01,-36,-65.42857143,1840
12:57:01,-69,-65.42857143,1841
12:57:01,-81,-65.57142857,1842
12:57:01,-58,-65.64285714,1843
12:57:01,-64,-65.21428571,1844
12:57:01,-62,-65.35714286,1845
12:57:01,-38,-64.85714286,1846
12:57:01,-83,-65,1847
12:57:06,-81,-65,1848
12:57:06,-78,-65.07142857,1849
12:57:06,-81,-64.85714286,1850
12:57:06,-77,-64.85714286,1851
12:57:06,-54,-64.35714286,1852
12:57:06,-54,-64.71428571,1853
12:57:06,-36,-64.71428571,1854
12:57:06,-71,-64.64285714,1855
12:57:06,-82,-64.5,1856
12:57:06,-52,-64.35714286,1857
12:57:06,-66,-64.64285714,1858
12:57:06,-55,-64.64285714,1859
12:57:06,-40,-64.64285714,1860
12:57:06,-83,-64.57142857,1861
12:57:11,-82,-64.57142857,1862
12:57:11,-75,-64.57142857,1863
12:57:11,-81,-64.57142857,1864
12:57:11,-70,-64.57142857,1865
12:57:11,-59,-65.07142857,1866
12:57:11,-54,-64.71428571,1867
12:57:11,-35,-64.35714286,1868
12:57:11,-69,-64.42857143,1869
12:57:11,-80,-64.78571429,1870
12:57:11,-56,-65,1871
12:57:11,-66,-64.92857143,1872
12:57:11,-55,-64.5,1873
12:57:11,-39,-64.5,1874
12:57:11,-83,-64.42857143,1875
12:57:17,-82,-64.42857143,1876
12:57:17,-75,-64.42857143,1877
12:57:17,-81,-64.57142857,1878
12:57:17,-77,-64.57142857,1879
12:57:17,-54,-64.21428571,1880
12:57:17,-49,-64.42857143,1881
12:57:17,-36,-64.92857143,1882
12:57:17,-74,-64.92857143,1883
12:57:17,-83,-64.57142857,1884
12:57:17,-55,-64.57142857,1885
12:57:17,-60,-64.35714286,1886
12:57:17,-55,-64.35714286,1887
12:57:17,-38,-64.35714286,1888
12:57:17,-83,-64.28571429,1889
12:57:22,-82,-64.28571429,1890
12:57:22,-77,-64.28571429,1891
12:57:22,-81,-64.21428571,1892
12:57:22,-72,-64.21428571,1893
12:57:22,-57,-64.42857143,1894
12:57:22,-56,-64.14285714,1895
12:57:22,-36,-63.57142857,1896
12:57:22,-69,-63.5,1897
12:57:22,-83,-63.71428571,1898
12:57:22,-52,-63.71428571,1899
12:57:22,-60,-63.85714286,1900
12:57:22,-55,-63.85714286,1901
12:57:22,-37,-63.85714286,1902
12:57:22,-83,-64.5,1903
12:57:27,-82,-64.5,1904
12:57:27,-76,-64.42857143,1905
12:57:27,-81,-64.5,1906
12:57:27,-75,-64.07142857,1907
12:57:27,-53,-62.78571429,1908
12:57:27,-48,-62.71428571,1909
12:57:27,-35,-61.78571429,1910
12:57:27,-72,-64.28571429,1911
12:57:27,-83,-64.85714286,1912
12:57:27,-54,-63.14285714,1913
12:57:27,-60,-63.64285714,1914
12:57:27,-55,-63.64285714,1915
12:57:27,-46,-62.71428571,1916
12:57:27,-83,-65.35714286,1917
12:57:32,-81,-65.21428571,1918
12:57:32,-77,-64.92857143,1919
12:57:32,-75,-65.07142857,1920
12:57:32,-57,-63.5,1921
12:57:32,-52,-63,1922
12:57:32,-35,-61.85714286,1923
12:57:32,-70,-64.35714286,1924
12:57:32,-80,-65.21428571,1925
12:57:32,-59,-63.42857143,1926
12:57:32,-61,-63.57142857,1927
12:57:32,-60,-63.5,1928
12:57:32,-42,-62.64285714,1929
12:57:32,-83,-65.57142857,1930
12:57:37,-81,-62.21428571,1931
12:57:37,-77,-62.28571429,1932
12:57:37,-79,-62.14285714,1933
12:57:37,-53,-61.5,1934
12:57:37,-50,-61.92857143,1935
12:57:37,-36,-62.28571429,1936
12:57:37,-70,-64.71428571,1937
12:57:37,-82,-65.35714286,1938
12:57:37,-55,-63.5,1939
12:57:37,-61,-63.85714286,1940
12:57:37,-60,-64.07142857,1941
12:57:37,-48,-62.92857143,1942
12:57:37,-83,-65.42857143,1943
12:57:42,-36,-61.92857143,1944
12:57:42,-82,-65.21428571,1945
12:57:42,-75,-64.85714286,1946
12:57:42,-70,-64.92857143,1947
12:57:42,-59,-63.78571429,1948
12:57:42,-55,-63.14285714,1949
12:57:42,-70,-64.28571429,1950
12:57:42,-79,-64.92857143,1951
12:57:42,-56,-63.21428571,1952
12:57:42,-60,-63.78571429,1953
12:57:42,-64,-64.07142857,1954
12:57:42,-44,-63.14285714,1955
12:57:42,-83,-65.92857143,1956
12:57:47,-34,-65.85714286,1957
12:57:47,-82,-68.85714286,1958
12:57:47,-77,-68.07142857,1959
12:57:47,-76,-66.42857143,1960
12:57:47,-54,-65.14285714,1961
12:57:47,-50,-63.71428571,1962
12:57:47,-71,-65.07142857,1963
12:57:47,-79,-65.57142857,1964
12:57:47,-55,-63.92857143,1965
12:57:47,-64,-64.57142857,1966
12:57:47,-64,-64.57142857,1967
12:57:47,-51,-62.64285714,1968
12:57:47,-83,-64.92857143,1969
12:57:52,-82,-64.85714286,1970
12:57:52,-76,-64.5,1971
12:57:52,-71,-64.64285714,1972
12:57:52,-54,-63.35714286,1973
12:57:52,-58,-63.28571429,1974
12:57:52,-34,-61.64285714,1975
12:57:52,-69,-64.35714286,1976
12:57:52,-78,-65.14285714,1977
12:57:52,-56,-63.71428571,1978
12:57:52,-64,-64.28571429,1979
12:57:52,-64,-64.28571429,1980
12:57:52,-37,-63.07142857,1981
12:57:52,-83,-66.35714286,1982
12:57:57,-82,-66.28571429,1983
12:57:57,-77,-65.92857143,1984
12:57:57,-78,-65.42857143,1985
12:57:57,-53,-63.78571429,1986
12:57:57,-53,-63.78571429,1987
12:57:57,-35,-62.5,1988
12:57:57,-72,-64.85714286,1989
12:57:57,-80,-65.28571429,1990
12:57:57,-58,-63.64285714,1991
12:57:57,-64,-63.78571429,1992
12:57:57,-64,-63.57142857,1993
12:57:57,-47,-61.85714286,1994
12:57:57,-83,-64.42857143,1995
12:58:02,-82,-64.35714286,1996
12:58:02,-77,-64,1997
12:58:02,-70,-63.92857143,1998
12:58:02,-55,-62.78571429,1999
12:58:02,-53,-62.64285714,2000
12:58:02,-35,-61.35714286,2001
12:58:02,-68,-64.07142857,2002
12:58:02,-78,-65.07142857,2003
12:58:02,-57,-63.21428571,2004
12:58:02,-60,-63.57142857,2005
12:58:02,-61,-63.64285714,2006
12:58:02,-40,-62.35714286,2007
12:58:02,-83,-65.42857143,2008
12:58:07,-82,-65.35714286,2009
12:58:07,-77,-64.92857143,2010
12:58:07,-76,-64.42857143,2011
12:58:07,-54,-63,2012
12:58:07,-53,-62.64285714,2013
12:58:07,-35,-61.35714286,2014
12:58:07,-73,-63.78571429,2015
12:58:07,-82,-64.35714286,2016
12:58:07,-52,-62.42857143,2017
12:58:07,-62,-62.78571429,2018
12:58:07,-61,-62.71428571,2019
12:58:07,-43,-61.14285714,2020
12:58:07,-83,-64,2021
12:58:12,-82,-63.92857143,2022
12:58:12,-76,-63.5,2023
12:58:12,-70,-63.57142857,2024
12:58:12,-56,-62.35714286,2025
12:58:12,-49,-61.85714286,2026
12:58:12,-35,-60.85714286,2027
12:58:12,-69,-63.57142857,2028
12:58:12,-81,-64.57142857,2029
12:58:12,-55,-62.42857143,2030
12:58:12,-57,-63.21428571,2031
12:58:12,-61,-63,2032
12:58:12,-39,-61.5,2033
12:58:12,-83,-64.64285714,2034
12:58:17,-82,-64.57142857,2035
12:58:17,-76,-64.28571429,2036
12:58:17,-77,-64.07142857,2037
12:58:17,-53,-62.42857143,2038
12:58:17,-49,-62.42857143,2039
12:58:17,-35,-61.35714286,2040
12:58:17,-73,-63.71428571,2041
12:58:17,-83,-64.14285714,2042
12:58:17,-51,-62.21428571,2043
12:58:17,-66,-62.78571429,2044
12:58:17,-54,-61.92857143,2045
12:58:17,-40,-60.85714286,2046
12:58:17,-83,-63.92857143,2047
12:58:22,-82,-63.85714286,2048
12:58:22,-78,-63.35714286,2049
12:58:22,-73,-63.21428571,2050
12:58:22,-54,-61.85714286,2051
12:58:22,-53,-61.5,2052
12:58:22,-34,-60.21428571,2053
12:58:22,-68,-62.85714286,2054
12:58:22,-79,-63.92857143,2055
12:58:22,-56,-61.85714286,2056
12:58:22,-59,-62.07142857,2057
12:58:22,-54,-61.71428571,2058
12:58:22,-39,-61.21428571,2059
12:58:22,-83,-64.35714286,2060
12:58:27,-82,-60.92857143,2061
12:58:27,-75,-60.78571429,2062
12:58:27,-76,-60.85714286,2063
12:58:27,-54,-60.42857143,2064
12:58:27,-49,-60.5,2065
12:58:27,-35,-61.21428571,2066
12:58:27,-71,-63.57142857,2067
12:58:27,-83,-64.14285714,2068
12:58:27,-50,-62.07142857,2069
12:58:27,-59,-62.64285714,2070
12:58:27,-54,-62.5,2071
12:58:27,-47,-61.71428571,2072
12:58:27,-83,-64.21428571,2073
12:58:32,-35,-64,2074
12:58:32,-80,-66.92857143,2075
12:58:32,-76,-66.71428571,2076
12:58:32,-70,-65.07142857,2077
12:58:32,-55,-63.64285714,2078
12:58:32,-59,-62.21428571,2079
12:58:32,-68,-63.07142857,2080
12:58:32,-79,-63.85714286,2081
12:58:32,-54,-61.85714286,2082
12:58:32,-58,-62.57142857,2083
12:58:32,-57,-62.35714286,2084
12:58:32,-43,-61.35714286,2085
12:58:32,-82,-64.14285714,2086
12:58:37,-80,-64.07142857,2087
12:58:37,-76,-64.07142857,2088
12:58:37,-77,-63.78571429,2089
12:58:37,-53,-62.21428571,2090
12:58:37,-50,-62.35714286,2091
12:58:37,-35,-61.14285714,2092
12:58:37,-71,-63.71428571,2093
12:58:37,-79,-64.28571429,2094
12:58:37,-51,-62.35714286,2095
12:58:37,-64,-62.92857143,2096
12:58:37,-55,-62.21428571,2097
12:58:37,-43,-61.57142857,2098
12:58:37,-82,-64.28571429,2099
12:58:42,-81,-64.28571429,2100
12:58:42,-80,-64.28571429,2101
12:58:42,-72,-64.21428571,2102
12:58:42,-55,-64.42857143,2103
12:58:42,-55,-64.35714286,2104
12:58:42,-33,-63.85714286,2105
12:58:42,-71,-63.85714286,2106
12:58:42,-79,-63.85714286,2107
12:58:42,-52,-63.71428571,2108
12:58:42,-59,-63.78571429,2109
12:58:42,-54,-64,2110
12:58:42,-46,-63.85714286,2111
12:58:42,-81,-64.07142857,2112
12:58:42,-82,-64.21428571,2113
12:58:47,-81,-64.14285714,2114
12:58:47,-79,-64.21428571,2115
12:58:47,-75,-61.14285714,2116
12:58:47,-54,-61.57142857,2117
12:58:47,-48,-63.21428571,2118
12:58:47,-33,-64.92857143,2119
12:58:47,-71,-66.42857143,2120
12:58:47,-77,-65.07142857,2121
12:58:47,-53,-64.5,2122
12:58:47,-62,-66.21428571,2123
12:58:47,-52,-65.78571429,2124
12:58:47,-49,-66.5,2125
12:58:47,-83,-66.92857143,2126
12:58:47,-81,-64.42857143,2127
12:58:47,-82,-64.57142857,2128
12:58:52,-36,-64.5,2129
12:58:53,-81,-67.78571429,2130
12:58:53,-77,-67.78571429,2131
12:58:53,-72,-67.78571429,2132
12:58:53,-54,-68.21428571,2133
12:58:53,-52,-68.21428571,2134
12:58:53,-69,-67.92857143,2135
12:58:53,-77,-65.42857143,2136
12:58:53,-56,-65,2137
12:58:53,-62,-66.92857143,2138
12:58:53,-55,-66.14285714,2139
12:58:53,-48,-66.85714286,2140
12:58:53,-83,-67.28571429,2141
12:58:53,-81,-64.92857143,2142
12:58:53,-82,-65.07142857,2143
12:58:58,-81,-65,2144
12:58:58,-77,-65.07142857,2145
12:58:58,-78,-65.35714286,2146
12:58:58,-54,-65.42857143,2147
12:58:58,-48,-66.5,2148
12:58:58,-34,-66.92857143,2149
12:58:58,-71,-68.5,2150
12:58:58,-83,-65.78571429,2151
12:58:58,-51,-64.64285714,2152
12:58:58,-65,-66.57142857,2153
12:58:58,-54,-65.85714286,2154
12:58:58,-50,-66.21428571,2155
12:58:58,-83,-66.92857143,2156
12:58:58,-81,-64.07142857,2157
12:58:58,-82,-64.21428571,2158
12:59:03,-81,-64.14285714,2159
12:59:03,-79,-64.21428571,2160
12:59:03,-69,-64.35714286,2161
12:59:03,-54,-65,2162
12:59:03,-56,-66.71428571,2163
12:59:03,-33,-66.5,2164
12:59:03,-67,-67.57142857,2165
12:59:03,-78,-65.28571429,2166
12:59:03,-55,-64.85714286,2167
12:59:03,-59,-66.71428571,2168
12:59:03,-60,-66.14285714,2169
12:59:03,-43,-66.35714286,2170
12:59:03,-83,-67,2171
12:59:03,-81,-64.42857143,2172
12:59:03,-82,-64.57142857,2173
12:59:08,-81,-64.5,2174
12:59:08,-78,-64.57142857,2175
12:59:08,-78,-64.78571429,2176
12:59:08,-53,-64.85714286,2177
12:59:08,-48,-66,2178
12:59:08,-35,-66.42857143,2179
12:59:08,-72,-68.14285714,2180
12:59:08,-81,-65.5,2181
12:59:08,-51,-64.64285714,2182
12:59:08,-63,-66.78571429,2183
12:59:08,-52,-66.07142857,2184
12:59:08,-47,-66.5,2185
12:59:08,-83,-67.57142857,2186
12:59:08,-81,-64.78571429,2187
12:59:08,-82,-64.92857143,2188
12:59:13,-81,-64.85714286,2189
12:59:13,-79,-64.92857143,2190
12:59:13,-69,-65.07142857,2191
12:59:13,-54,-65.78571429,2192
12:59:13,-59,-67.28571429,2193
12:59:13,-35,-67,2194
12:59:13,-69,-68,2195
12:59:13,-81,-65.64285714,2196
12:59:13,-53,-64.92857143,2197
12:59:13,-58,-67,2198
12:59:13,-62,-66.5,2199
12:59:13,-44,-66.21428571,2200
12:59:13,-83,-67.5,2201
12:59:13,-81,-65,2202
12:59:13,-82,-65.14285714,2203
12:59:18,-81,-65.07142857,2204
12:59:18,-79,-65.14285714,2205
12:59:18,-75,-65.42857143,2206
12:59:18,-55,-65.5,2207
12:59:18,-49,-66.71428571,2208
12:59:18,-36,-67.14285714,2209
12:59:18,-71,-68.35714286,2210
12:59:18,-82,-65.64285714,2211
12:59:18,-51,-64.78571429,2212
12:59:18,-58,-67,2213
12:59:18,-62,-66.78571429,2214
12:59:18,-48,-66.5,2215
12:59:18,-83,-67.5,2216
12:59:18,-81,-65,2217
12:59:18,-82,-65.14285714,2218
12:59:23,-83,-65.07142857,2219
12:59:23,-76,-65,2220
12:59:23,-72,-65.5,2221
12:59:23,-55,-66,2222
12:59:23,-53,-67.64285714,2223
12:59:23,-33,-67.64285714,2224
12:59:23,-70,-68.71428571,2225
12:59:23,-82,-66.07142857,2226
12:59:23,-55,-65.21428571,2227
12:59:23,-58,-67,2228
12:59:23,-62,-66.5,2229
12:59:23,-48,-66.71428571,2230
12:59:23,-83,-66.92857143,2231
12:59:23,-81,-64.5,2232
12:59:23,-82,-64.64285714,2233
12:59:28,-83,-64.57142857,2234
12:59:28,-79,-64.5,2235
12:59:28,-78,-64.71428571,2236
12:59:28,-53,-64.71428571,2237
12:59:28,-48,-66,2238
12:59:28,-33,-66.64285714,2239
12:59:28,-70,-67.92857143,2240
12:59:28,-80,-65.28571429,2241
12:59:28,-51,-64.57142857,2242
12:59:28,-65,-66.35714286,2243
12:59:28,-51,-65.71428571,2244
12:59:28,-49,-66.28571429,2245
12:59:28,-83,-66.64285714,2246
12:59:28,-81,-64.14285714,2247
12:59:28,-82,-64.28571429,2248
12:59:33,-82,-64.21428571,2249
12:59:33,-78,-64.21428571,2250
12:59:33,-71,-64.5,2251
12:59:33,-57,-65,2252
12:59:33,-51,-66.42857143,2253
12:59:33,-33,-66.64285714,2254
12:59:33,-70,-67.85714286,2255
12:59:33,-76,-65.28571429,2256
12:59:33,-56,-65,2257
12:59:33,-59,-66.71428571,2258
12:59:33,-54,-66.35714286,2259
12:59:33,-48,-67.21428571,2260
12:59:33,-83,-67.78571429,2261
12:59:33,-81,-65.78571429,2262
12:59:33,-82,-65.85714286,2263
12:59:38,-82,-65.92857143,2264
12:59:38,-78,-65.85714286,2265
12:59:38,-77,-66.14285714,2266
12:59:38,-54,-66.57142857,2267
12:59:38,-50,-68,2268
12:59:38,-34,-69.64285714,2269
12:59:38,-72,-71.21428571,2270
12:59:38,-80,-69.71428571,2271
12:59:38,-54,-66.42857143,2272
12:59:38,-66,-67.42857143,2273
12:59:38,-56,-68.14285714,2274
12:59:38,-55,-67.64285714,2275
12:59:38,-82,-68.42857143,2276
12:59:38,-83,-66.57142857,2277
12:59:38,-81,-64.42857143,2278
12:59:38,-82,-64.5,2279
12:59:43,-83,-64.42857143,2280
12:59:43,-74,-64.28571429,2281
12:59:43,-73,-64.85714286,2282
12:59:43,-56,-65.57142857,2283
12:59:43,-51,-67.14285714,2284
12:59:43,-34,-68.71428571,2285
12:59:43,-68,-70.14285714,2286
12:59:43,-76,-68.85714286,2287
12:59:43,-49,-65.92857143,2288
12:59:43,-66,-67.5,2289
12:59:43,-56,-68.42857143,2290
12:59:43,-53,-68.28571429,2291
12:59:43,-82,-69.21428571,2292
12:59:43,-81,-67.35714286,2293
12:59:43,-81,-65.71428571,2294
12:59:43,-82,-65.78571429,2295
12:59:48,-83,-65.71428571,2296
12:59:48,-78,-65.57142857,2297
12:59:48,-73,-65.85714286,2298
12:59:48,-54,-66.57142857,2299
12:59:48,-50,-68.07142857,2300
12:59:48,-35,-69.71428571,2301
12:59:48,-71,-71.14285714,2302
12:59:48,-79,-69.78571429,2303
12:59:48,-54,-66.57142857,2304
12:59:48,-66,-67.64285714,2305
12:59:48,-56,-68.5,2306
12:59:48,-58,-68,2307
12:59:48,-82,-68,2308
12:59:48,-81,-66.5,2309
12:59:48,-81,-64.64285714,2310
12:59:48,-82,-64.71428571,2311
12:59:53,-83,-64.64285714,2312
12:59:53,-75,-64.5,2313
12:59:53,-73,-65,2314
12:59:53,-55,-65.71428571,2315
12:59:53,-52,-67.35714286,2316
12:59:53,-34,-68.92857143,2317
12:59:53,-69,-70.28571429,2318
12:59:53,-78,-69.14285714,2319
12:59:53,-49,-66,2320
12:59:53,-58,-67.42857143,2321
12:59:53,-61,-68.85714286,2322
12:59:53,-55,-68.35714286,2323
12:59:53,-82,-69.28571429,2324
12:59:53,-81,-67.57142857,2325
12:59:53,-81,-65.64285714,2326
12:59:53,-82,-65.71428571,2327
12:59:58,-83,-65.64285714,2328
12:59:58,-78,-65.5,2329
12:59:58,-74,-65.78571429,2330
12:59:58,-53,-66.35714286,2331
12:59:58,-53,-67.71428571,2332
12:59:58,-34,-69.21428571,2333
12:59:58,-69,-70.78571429,2334
12:59:58,-78,-69.21428571,2335
12:59:58,-54,-66,2336
12:59:58,-68,-67.07142857,2337
12:59:58,-58,-67.78571429,2338
12:59:58,-54,-67.14285714,2339
12:59:58,-82,-67.42857143,2340
12:59:58,-81,-65.71428571,2341
12:59:58,-81,-63.71428571,2342
12:59:58,-82,-63.78571429,2343
13:00:03,-82,-63.71428571,2344
13:00:03,-72,-63.85714286,2345
13:00:03,-74,-64.57142857,2346
13:00:03,-56,-65.14285714,2347
13:00:03,-47,-66.64285714,2348
13:00:03,-33,-68.71428571,2349
13:00:03,-69,-70.07142857,2350
13:00:03,-78,-68.85714286,2351
13:00:03,-49,-65.64285714,2352
13:00:03,-58,-67.07142857,2353
13:00:03,-58,-68.71428571,2354
13:00:03,-53,-68.5,2355
13:00:03,-82,-68.85714286,2356
13:00:03,-81,-67.14285714,2357
13:00:03,-84,-65.42857143,2358
13:00:03,-82,-65.28571429,2359
13:00:08,-82,-65.21428571,2360
13:00:08,-77,-65.35714286,2361
13:00:08,-76,-65.71428571,2362
13:00:08,-52,-66.21428571,2363
13:00:08,-52,-67.78571429,2364
13:00:08,-33,-69.35714286,2365
13:00:08,-69,-70.92857143,2366
13:00:08,-81,-69.5,2367
13:00:08,-55,-66.07142857,2368
13:00:08,-58,-67.07142857,2369
13:00:08,-58,-68.57142857,2370
13:00:08,-57,-67.85714286,2371
13:00:08,-82,-68,2372
13:00:08,-81,-66.35714286,2373
13:00:08,-84,-64.28571429,2374
13:00:08,-82,-64.14285714,2375
13:00:13,-83,-64.07142857,2376
13:00:13,-74,-64.14285714,2377
13:00:13,-74,-64.71428571,2378
13:00:13,-55,-65.35714286,2379
13:00:13,-49,-66.71428571,2380
13:00:13,-33,-68.71428571,2381
13:00:13,-69,-70.14285714,2382
13:00:13,-79,-68.85714286,2383
13:00:13,-48,-65.64285714,2384
13:00:13,-59,-67.57142857,2385
13:00:13,-59,-69,2386
13:00:13,-52,-68.64285714,2387
13:00:13,-82,-69.78571429,2388
13:00:13,-81,-67.85714286,2389
13:00:13,-84,-66,2390
13:00:13,-82,-65.85714286,2391
13:00:19,-83,-65.78571429,2392
13:00:19,-74,-65.85714286,2393
13:00:19,-77,-66.42857143,2394
13:00:19,-53,-66.71428571,2395
13:00:19,-51,-68.21428571,2396
13:00:19,-34,-69.64285714,2397
13:00:19,-75,-71.07142857,2398
13:00:19,-79,-69.35714286,2399
13:00:19,-54,-66.07142857,2400
13:00:19,-68,-67.14285714,2401
13:00:19,-55,-67.78571429,2402
13:00:19,-55,-67.35714286,2403
13:00:19,-82,-67.42857143,2404
13:00:19,-81,-65.5,2405
13:00:19,-84,-63.5,2406
13:00:19,-82,-63.35714286,2407
13:00:24,-81,-63.28571429,2408
13:00:24,-74,-63.5,2409
13:00:24,-71,-64.07142857,2410
13:00:24,-54,-64.78571429,2411
13:00:24,-51,-66.14285714,2412
13:00:24,-33,-68,2413
13:00:24,-69,-69.42857143,2414
13:00:24,-77,-68,2415
13:00:24,-49,-64.85714286,2416
13:00:24,-56,-66.5,2417
13:00:24,-55,-68.35714286,2418
13:00:24,-53,-68.28571429,2419
13:00:24,-82,-68.5,2420
13:00:24,-81,-66.78571429,2421
13:00:24,-84,-65.07142857,2422
13:00:24,-82,-64.92857143,2423
13:00:29,-81,-64.85714286,2424
13:00:29,-73,-65.07142857,2425
13:00:29,-77,-65.64285714,2426
13:00:29,-53,-65.5,2427
13:00:29,-49,-66.78571429,2428
13:00:29,-33,-67.21428571,2429
13:00:29,-72,-68.35714286,2430
13:00:29,-82,-65.57142857,2431
13:00:29,-54,-64.71428571,2432
13:00:29,-56,-66.42857143,2433
13:00:29,-58,-65.78571429,2434
13:00:29,-57,-66,2435
13:00:29,-82,-66.35714286,2436
13:00:29,-81,-64.07142857,2437
13:00:29,-84,-64.07142857,2438
13:00:34,-81,-63.92857143,2439
13:00:34,-75,-64.14285714,2440
13:00:34,-71,-64.57142857,2441
13:00:34,-55,-64.85714286,2442
13:00:34,-49,-66.35714286,2443
13:00:34,-33,-66.71428571,2444
13:00:34,-70,-68.07142857,2445
13:00:34,-78,-65.35714286,2446
13:00:34,-47,-65.14285714,2447
13:00:34,-61,-67.5,2448
13:00:34,-62,-66.92857143,2449
13:00:34,-50,-67.42857143,2450
13:00:34,-81,-68.28571429,2451
13:00:34,-82,-66.28571429,2452
13:00:34,-84,-66.21428571,2453
13:00:39,-81,-66.07142857,2454
13:00:39,-75,-66.28571429,2455
13:00:39,-76,-66.71428571,2456
13:00:39,-54,-66.71428571,2457
13:00:39,-52,-68.28571429,2458
13:00:39,-32,-68.57142857,2459
13:00:39,-75,-69.92857143,2460
13:00:39,-80,-66.92857143,2461
13:00:39,-53,-66.14285714,2462
13:00:39,-69,-67.85714286,2463
13:00:39,-62,-66.42857143,2464
13:00:39,-53,-66.92857143,2465
13:00:39,-81,-67.57142857,2466
13:00:39,-82,-65.5,2467
13:00:39,-84,-65.42857143,2468
13:00:44,-81,-65.28571429,2469
13:00:44,-76,-65.5,2470
13:00:44,-76,-65.85714286,2471
13:00:44,-56,-65.71428571,2472
13:00:44,-51,-67.14285714,2473
13:00:44,-33,-67.28571429,2474
13:00:44,-69,-68.5,2475
13:00:44,-77,-65.92857143,2476
13:00:44,-49,-65.42857143,2477
13:00:44,-69,-67.42857143,2478
13:00:44,-62,-66.42857143,2479
13:00:44,-52,-66.92857143,2480
13:00:44,-81,-67.5,2481
13:00:44,-82,-65.42857143,2482
13:00:44,-84,-65.14285714,2483
13:00:49,-81,-65,2484
13:00:49,-74,-65.21428571,2485
13:00:49,-76,-65.71428571,2486
13:00:49,-53,-65.57142857,2487
13:00:49,-50,-66.85714286,2488
13:00:49,-33,-67.14285714,2489
13:00:49,-70,-68.5,2490
13:00:49,-77,-66,2491
13:00:49,-55,-65.35714286,2492
13:00:49,-69,-67.14285714,2493
13:00:49,-60,-65.71428571,2494
13:00:49,-52,-66.35714286,2495
13:00:49,-78,-66.92857143,2496
13:00:49,-82,-64.92857143,2497
13:00:49,-84,-64.64285714,2498
13:00:54,-81,-64.5,2499
13:00:54,-74,-64.71428571,2500
13:00:54,-71,-65.21428571,2501
13:00:54,-54,-65.64285714,2502
13:00:54,-52,-67.35714286,2503
13:00:54,-35,-67.5,2504
13:00:54,-68,-68.64285714,2505
13:00:54,-80,-66.28571429,2506
13:00:54,-49,-66.21428571,2507
13:00:54,-69,-68.42857143,2508
13:00:54,-60,-67.21428571,2509
13:00:54,-50,-67.85714286,2510
13:00:54,-78,-68.28571429,2511
13:00:54,-82,-66.64285714,2512
13:00:54,-84,-66.35714286,2513
13:00:59,-81,-66.21428571,2514
13:00:59,-77,-66.42857143,2515
13:00:59,-78,-66.5,2516
13:00:59,-54,-66.5,2517
13:00:59,-51,-67.64285714,2518
13:00:59,-35,-67.85714286,2519
13:00:59,-79,-69.21428571,2520
13:00:59,-80,-66.07142857,2521
13:00:59,-52,-65.28571429,2522
13:00:59,-69,-67.35714286,2523
13:00:59,-56,-66,2524
13:00:59,-55,-66.42857143,2525
13:00:59,-78,-66.78571429,2526
13:00:59,-82,-64.78571429,2527
13:00:59,-84,-64.5,2528
13:01:04,-78,-64.35714286,2529
13:01:04,-78,-64.78571429,2530
13:01:04,-70,-64.78571429,2531
13:01:04,-54,-65.14285714,2532
13:01:04,-54,-66.85714286,2533
13:01:04,-35,-66.64285714,2534
13:01:04,-69,-67.85714286,2535
13:01:04,-81,-65.42857143,2536
13:01:04,-50,-64.64285714,2537
13:01:04,-62,-66.85714286,2538
13:01:04,-60,-66.57142857,2539
13:01:04,-50,-67.21428571,2540
13:01:04,-78,-67.64285714,2541
13:01:04,-82,-65.78571429,2542
13:01:04,-84,-65.5,2543
13:01:09,-78,-65.35714286,2544
13:01:09,-75,-65.78571429,2545
13:01:09,-78,-65.85714286,2546
13:01:09,-51,-66,2547
13:01:09,-52,-67.28571429,2548
13:01:09,-35,-67.42857143,2549
13:01:09,-70,-68.85714286,2550
13:01:09,-81,-66.21428571,2551
13:01:09,-58,-65.28571429,2552
13:01:09,-69,-67,2553
13:01:09,-56,-65.71428571,2554
13:01:09,-52,-66.28571429,2555
13:01:09,-78,-66.85714286,2556
13:01:09,-82,-64.71428571,2557
13:01:09,-84,-64.78571429,2558
13:01:14,-76,-64.64285714,2559
13:01:14,-80,-65.21428571,2560
13:01:14,-69,-64.92857143,2561
13:01:14,-54,-65.28571429,2562
13:01:14,-55,-67.07142857,2563
13:01:14,-33,-66.78571429,2564
13:01:14,-68,-68.07142857,2565
13:01:14,-82,-65.5,2566
13:01:14,-51,-64.71428571,2567
13:01:14,-64,-66.92857143,2568
13:01:14,-60,-66.28571429,2569
13:01:14,-48,-67,2570
13:01:14,-83,-67.64285714,2571
13:01:14,-82,-65.21428571,2572
13:01:14,-84,-65.28571429,2573
13:01:19,-76,-65.14285714,2574
13:01:19,-74,-65.71428571,2575
13:01:19,-79,-66,2576
13:01:19,-51,-65.92857143,2577
13:01:19,-51,-67.35714286,2578
13:01:19,-32,-67.64285714,2579
13:01:19,-71,-69.5,2580
13:01:19,-82,-66.71428571,2581
13:01:19,-55,-65.78571429,2582
13:01:19,-70,-67.5,2583
13:01:19,-57,-66.14285714,2584
13:01:19,-49,-66.71428571,2585
13:01:19,-83,-67.57142857,2586
13:01:19,-82,-65.07142857,2587
13:01:19,-84,-65.14285714,2588
13:01:24,-78,-65,2589
13:01:24,-78,-65.42857143,2590
13:01:24,-71,-65.42857143,2591
13:01:24,-55,-65.64285714,2592
13:01:24,-58,-67.35714286,2593
13:01:24,-32,-66.85714286,2594
13:01:24,-69,-68.07142857,2595
13:01:24,-79,-65.5,2596
13:01:24,-51,-64.78571429,2597
13:01:24,-65,-67.07142857,2598
13:01:24,-61,-66.28571429,2599
13:01:24,-48,-66.85714286,2600
13:01:24,-83,-67.5,2601
13:01:24,-82,-65.07142857,2602
13:01:24,-84,-65.14285714,2603
13:01:29,-78,-65,2604
13:01:29,-74,-65.42857143,2605
13:01:29,-79,-65.5,2606
13:01:29,-51,-65.14285714,2607
13:01:29,-49,-66.64285714,2608
13:01:29,-33,-67,2609
13:01:29,-69,-68.78571429,2610
13:01:29,-83,-66.21428571,2611
13:01:29,-54,-65.21428571,2612
13:01:29,-69,-67.28571429,2613
13:01:29,-57,-66.07142857,2614
13:01:29,-49,-66.42857143,2615
13:01:29,-83,-67.28571429,2616
13:01:29,-82,-64.85714286,2617
13:01:29,-84,-64.92857143,2618
13:01:34,-75,-64.78571429,2619
13:01:34,-74,-65.42857143,2620
13:01:34,-72,-66.07142857,2621
13:01:34,-54,-66.5,2622
13:01:34,-58,-68.28571429,2623
13:01:34,-33,-67.78571429,2624
13:01:34,-69,-69,2625
13:01:34,-83,-66.42857143,2626
13:01:34,-52,-65.71428571,2627
13:01:34,-62,-67.85714286,2628
13:01:34,-61,-67.07142857,2629
13:01:34,-49,-67.42857143,2630
13:01:34,-83,-68.28571429,2631
13:01:34,-82,-65.85714286,2632
13:01:34,-84,-65.92857143,2633
13:01:39,-83,-65.78571429,2634
13:01:39,-78,-65.85714286,2635
13:01:39,-79,-65.57142857,2636
13:01:39,-51,-65.21428571,2637
13:01:39,-50,-66.64285714,2638
13:01:39,-33,-67,2639
13:01:39,-73,-68.35714286,2640
13:01:39,-82,-65.42857143,2641
13:01:39,-51,-64.42857143,2642
13:01:39,-66,-66.57142857,2643
13:01:39,-61,-65.42857143,2644
13:01:39,-49,-65.5,2645
13:01:39,-83,-66.35714286,2646
13:01:39,-82,-63.78571429,2647
13:01:39,-84,-63.85714286,2648
13:01:44,-74,-63.71428571,2649
13:01:44,-74,-64.42857143,2650
13:01:44,-71,-64.42857143,2651
13:01:44,-55,-65,2652
13:01:44,-52,-66.64285714,2653
13:01:44,-32,-66.64285714,2654
13:01:44,-68,-68.07142857,2655
13:01:44,-81,-65.57142857,2656
13:01:44,-50,-64.78571429,2657
13:01:44,-62,-67.14285714,2658
13:01:44,-61,-66.64285714,2659
13:01:44,-47,-67.14285714,2660
13:01:44,-83,-67.71428571,2661
13:01:44,-82,-65.35714286,2662
13:01:44,-84,-65.42857143,2663
13:01:50,-74,-65.28571429,2664
13:01:50,-79,-66,2665
13:01:50,-78,-65.64285714,2666
13:01:50,-52,-65.71428571,2667
13:01:50,-52,-67,2668
13:01:50,-33,-67,2669
13:01:50,-70,-68.07142857,2670
13:01:50,-83,-65.57142857,2671
13:01:50,-55,-64.57142857,2672
13:01:50,-68,-66.57142857,2673
13:01:50,-55,-65.35714286,2674
13:01:50,-50,-66.14285714,2675
13:01:50,-83,-66.92857143,2676
13:01:50,-82,-64.07142857,2677
13:01:50,-84,-64,2678
13:01:55,-74,-63.85714286,2679
13:01:55,-79,-64.57142857,2680
13:01:55,-70,-64.21428571,2681
13:01:55,-52,-64.64285714,2682
13:01:55,-48,-66.35714286,2683
13:01:55,-35,-66.78571429,2684
13:01:55,-69,-67.92857143,2685
13:01:55,-83,-65.42857143,2686
13:01:55,-51,-64.35714286,2687
13:01:55,-66,-66.64285714,2688
13:01:55,-61,-65.42857143,2689
13:01:55,-43,-66,2690
13:01:55,-81,-67.07142857,2691
13:01:55,-82,-64.85714286,2692
13:01:55,-84,-64.78571429,2693
13:02:00,-74,-64.64285714,2694
13:02:00,-76,-64.78571429,2695
13:02:00,-76,-64.92857143,2696
13:02:00,-54,-64.64285714,2697
13:02:00,-51,-64.85714286,2698
13:02:00,-34,-64.5,2699
13:02:00,-68,-64.57142857,2700
13:02:00,-83,-64.57142857,2701
13:02:00,-49,-64.57142857,2702
13:02:00,-69,-64.57142857,2703
13:02:00,-58,-64.14285714,2704
13:02:00,-50,-64.28571429,2705
13:02:00,-81,-63.78571429,2706
13:02:00,-82,-63.78571429,2707
13:02:05,-76,-63.78571429,2708
13:02:05,-78,-63.78571429,2709
13:02:05,-72,-63.71428571,2710
13:02:05,-57,-64.14285714,2711
13:02:05,-46,-63.92857143,2712
13:02:05,-35,-64.57142857,2713
13:02:05,-68,-64.57142857,2714
13:02:05,-83,-64.78571429,2715
13:02:05,-49,-64.78571429,2716
13:02:05,-63,-64.64285714,2717
13:02:05,-60,-64.64285714,2718
13:02:05,-43,-64.5,2719
13:02:05,-81,-65.07142857,2720
13:02:05,-82,-65.07142857,2721
13:02:10,-76,-65.07142857,2722
13:02:10,-77,-65.07142857,2723
13:02:10,-78,-65.14285714,2724
13:02:10,-54,-64.71428571,2725
13:02:10,-55,-64.85714286,2726
13:02:10,-35,-64.57142857,2727
13:02:10,-71,-64.64285714,2728
13:02:10,-83,-64.5,2729
13:02:10,-47,-64.5,2730
13:02:10,-63,-64.78571429,2731
13:02:10,-58,-64.78571429,2732
13:02:10,-51,-64.78571429,2733
13:02:10,-81,-64.35714286,2734
13:02:10,-82,-64.35714286,2735
13:02:15,-76,-64.35714286,2736
13:02:15,-78,-63.46153846,2737
13:02:15,-72,-62.25,2738
13:02:15,-56,-61.36363636,2739
13:02:15,-51,-61.9,2740
13:02:15,-36,-63.11111111,2741
13:02:15,-69,-66.5,2742
13:02:15,-83,-66.14285714,2743
13:02:15,-51,-63.33333333,2744
13:02:15,-63,-65.8,2745
13:02:15,-58,-66.5,2746
13:02:15,-45,-69.33333333,2747
13:02:15,-81,-81.5,2748
13:02:15,-82,-82,2749
